0 1840 634 313 16.6
1 2167 1.5
2 921 367 1409 27.5
3 3151 2.4
4 722 2.5
5 1609 46.0
6 739 1326 4.5
7 30 3362 8.8
8 1946 2.2
9 2705 2948 13.0
10 1451 3.8
11 2175 2951 2121 3533 2865 3762 2162 1740 93.3
12 1379 2924 756 3920 11.7
13 1243 3470 833 21.5
14 2720 8.0
15 714 10.1
16 1810 7.2
17 3367 1.2
18 3584 10.7
19 1945 3229 17.1
20 2915 3038 124 3316 1589 2295 68.2
21 1991 3122 6.8
22 3842 9.8
23 1816 539 17.9
24 3581 3.7
25 1516 1532 2263 3696 1740 49.5
26 366 2733 7.7
27 2435 1.4
28 1230 4.0
29 3621 1.9
30 346 1938 35.4
31 2948 1.2
32 1451 3994 3423 598 435 1310 45.0
33 348 2082 648 51.1
34 2627 1458 1469 3175 18.4
35 1779 3.2
36 3756 12.4
37 2419 10.3
38 1244 2.9
39 318 2.5
40 3948 12.1
41 441 1447 2541 1698 2270 2022 1653 37.7
42 907 2.9
43 2270 1.3
44 533 1187 5 10.1
45 3300 1647 868 1543 338 1213 931 15.5
46 2308 4.1
47 674 232 7.1
48 2778 3573 10.1
49 1746 21.8
50 2595 1.5
51 3808 1.0
52 2815 946 831 6 2249 2628 670 228 2397 3527 794 961 3659 1971 3407 1503 498 3893 2116 2551 1532 3985 435 1869 2230 881 1699 680 3556 2961 1079 640 2443 1260 52 232.5
53 3963 5.2
54 2654 1962 3720 1644 2856 339 2839 3508 2686 793 588 109.0
55 2727 6.9
56 2959 2465 7.3
57 730 857 2829 2188 3786 25.8
58 3528 996 2479 1758 2286 3441 2447 2093 3078 3180 59.4
59 2426 4.8
60 2794 4.8
61 2830 4.1
62 743 1233 1007 3220 23.9
63 1695 465 3681 2682 887 667 3146 2675 209 1756 2284 34 2179 3542 118.5
64 1872 2.1
65 1296 6.7
66 1013 3.4
67 1860 2.6
68 168 2.1
69 3854 1.0
70 3133 4.1
71 3225 3.0
72 87 6.4
73 2245 2.3
74 1044 8.0
75 2162 1.1
76 1900 8.6
77 1643 6.0
78 2180 459 1421 3453 3830 2390 1276 46.0
80 1323 2729 18.6
81 1956 2.6
82 2863 41.5
83 3024 3.1
84 3125 1.0
85 1761 5.4
86 584 3.0
87 2496 847 1288 2482 1990 2067 3972 3682 3690 3284 2133 3847 402 2831 3571 412 2569 112.3
88 1221 8.0
89 452 14.8
90 1716 8.9
91 1680 18.3
92 770 3.7
93 2745 4.3
94 2065 3.9
95 2657 829 14.9
96 1522 3526 3775 25.3
97 1947 822 29.7
98 2049 13.8
99 2976 9.6
100 3537 3142 30.7
101 3383 2.7
102 1221 22.6
103 1022 122 3771 1382 29.0
104 2822 2.5
105 1162 1.9
107 198 375 8.7
108 1664 1.8
109 354 8.3
110 2736 7.4
111 630 13.9
112 829 3034 24.0
113 3357 1642 7.2
114 1720 1061 2281 767 751 986 2625 976 3792 3705 1047 3265 101.9
115 3468 2216 2287 2049 1393 1210 2451 1967 2185 641 2235 1177 3217 1862 2827 3784 861 1131 1506 2240 1651 3685 1375 3111 3129 1401 2983 174.7
116 315 31.2
117 1623 2245 6.8
118 888 4.8
119 3766 1.5
120 2551 28.5
121 2024 13.9
122 2943 1046 33.5
123 1858 762 966 3962 40.7
124 1674 6.0
125 2768 12.7
126 2523 3.3
127 3734 12.3
128 2070 1.3
129 2509 18.4
130 1133 2.0
131 3497 32.7
132 873 2.0
133 3561 5.7
134 2451 25.5
135 822 8.4
136 3276 1945 11.2
137 3172 13.5
138 2601 1468 1473 1901 364 1219 3618 2569 229 369 66.6
139 3256 36.7
140 792 6.2
141 1144 1314 13.0
142 159 8.5
143 2515 3.1
144 3058 3.7
145 636 1597 21.3
146 2727 1.2
147 841 829 8.2
148 3444 2.5
149 1684 167.1
150 2785 9.5
151 1584 15.6
152 214 2831 3045 11.4
153 730 2168 3.7
154 3042 3.5
155 3196 1144 603 153 2195 3491 789 449 2908 3115 66.6
156 2286 5.7
157 2847 1725 1271 22.5
158 3711 5.9
159 3777 1.2
160 1221 3793 2597 55.6
161 2312 1.4
162 1983 1882 670 2889 1376 2403 76.7
163 224 20.4
164 843 2740 424 7.5
165 3284 1775 3557 1120 955 1612 52.7
166 1629 94 11.3
167 3464 964 2689 22.2
168 1558 1.0
169 2580 1.0
170 2312 1.1
171 1788 3302 19.5
173 3481 4.0
174 2684 1.4
175 338 1.0
176 2574 6.9
177 2519 13.7
178 2910 26.6
179 2166 2103 11.2
180 376 167 27.2
181 169 1955 411 24.6
182 1928 4.0
183 1281 2.5
184 2775 212 1746 2397 3396 1334 3646 106.6
185 2067 2881 1246 2065 57.2
186 1938 660 2003 44.7
187 2562 2.5
189 3205 3657 9.7
190 3087 16.0
191 3781 1.7
192 2378 7.9
193 2649 2928 29.1
194 284 8.1
195 3981 2678 659 79 3788 293 3938 1089 2976 3004 1498 2285 1971 96.6
196 1746 826 2904 46.2
197 1634 14.4
198 1056 3.4
199 2451 1091 13.6
200 172 10.1
201 3941 1.4
202 3549 1476 360 2134 879 1208 2572 591 318 3321 679 3977 1927 491 2360 71.6
203 2469 28.2
204 2596 1.0
205 3103 4.2
206 2472 3661 24.1
207 99 967 6.8
208 1884 3458 8.6
209 2909 5.4
210 1838 1467 15.7
211 2500 17.1
212 615 3545 35.1
213 2077 8.0
214 1924 1.3
215 810 1029 1570 27.3
216 2677 1.8
217 3406 2187 1201 47.9
218 479 28.7
219 2345 5.3
220 2461 6.5
221 3713 7.6
222 2519 2.5
223 3763 2384 433 1404 44.7
224 1181 26 3057 271 2655 778 760 2995 1795 3563 71.3
225 1490 1.0
226 937 2.5
227 3388 1.3
228 3133 1.2
229 2152 2.7
230 3698 21.2
231 3722 1934 7.4
232 2442 1.0
233 3607 1.9
234 1343 2296 1914 954 2102 32.9
235 3026 3147 26.9
236 2892 609 12.0
237 3701 3.7
238 2240 29 3784 809 2905 1999 1005 3054 913 2683 661 2380 3215 766 367 3581 827 3361 1103 364 2273 1572 2628 156.8
239 1059 35.4
240 2980 1530 861 1556 1819 3315 3874 3544 283 2729 800 2365 232 92.2
241 3535 708 2896 773 1703 37.6
242 933 3.6
243 3424 2248 8.7
244 1377 2987 43.1
245 1492 1295 705 15.7
246 423 14.3
247 1755 1.0
248 378 2233 23.0
249 3605 8.4
250 838 6.4
251 3946 1.9
252 1126 53.9
253 172 31.8
254 2732 1.5
255 2843 2264 28.4
256 1702 4.9
257 1845 30.6
258 2513 3.9
259 289 2843 2737 12.0
260 3163 2425 2596 2660 29.2
261 3510 7.3
262 3553 913 1952 35.3
263 3032 12.1
264 2511 3.6
265 3546 1026 51 1499 273 4038 44.7
266 893 1.5
267 2212 42.8
268 1552 3253 33.4
269 2516 1.6
270 2002 13.8
271 1388 1089 23.0
272 3672 11.1
273 102 2.7
274 1386 276 14.5
275 3123 3.5
276 545 11.2
277 3957 929 3255 3246 3447 3342 2754 1464 1211 918 2431 2184 2239 3912 2271 525 647 2669 3609 131 2895 3149 1352 1049 1113 201.1
278 1318 3.8
279 1998 16.2
280 2637 39.5
281 912 2.8
282 766 8.1
283 2158 7.1
284 713 2016 15.1
285 3338 17.0
286 458 3674 3748 313 41.2
287 2276 7.0
288 3231 4.3
289 1840 3.3
290 3737 3132 1050 1210 2273 29.4
291 2492 28.4
292 1226 14.7
293 3570 1.0
294 1779 4.6
295 1606 859 8.2
296 705 14.3
297 1060 2772 1912 4006 1850 2149 3797 172.8
298 2345 1119 3.5
299 978 18.4
300 49 1.9
301 2120 7.0
302 1726 394 2364 248 30.4
303 2391 4.2
304 2015 2.2
305 1563 23.6
306 1516 2.8
307 3759 2.8
308 1542 6.6
309 336 1.0
310 1739 2.2
311 3676 3542 493 1741 198 191 1791 340 2050 76.4
312 2186 2195 1242 1584 491 996 2545 2653 2747 55.2
313 1420 4.4
314 182 2.3
315 2172 27.5
316 2351 11.9
317 3522 3572 5.1
318 3340 5.4
319 1969 1.0
320 2622 2311 7.8
321 3996 11 3.9
322 1418 1.1
323 2911 30.7
324 428 20.3
325 2496 1.0
326 733 2.5
327 1209 2.9
328 199 12.8
329 2095 5.4
330 961 3841 6.1
331 2591 3.8
332 2308 25.6
333 650 5.5
334 354 9.0
335 3144 5.4
336 411 1.4
337 2915 275 70 272 1058 1897 1252 3331 493 3829 65.0
338 2584 3579 1930 1474 958 1871 25.0
339 1431 56.2
340 134 2710 2196 2435 3370 35.0
341 3926 2160 2055 40.4
342 1248 1.4
343 2620 9.8
344 60 1.1
345 1835 23.1
346 962 5.6
347 3264 3.5
348 2206 4.1
349 3162 16.3
350 326 59 1824 29.0
351 1743 4.5
352 486 2829 19.0
353 2651 3292 2537 2048 9.1
354 2974 2.6
355 1847 5.0
356 1012 2393 7.2
357 948 2.7
358 2434 1053 39.5
359 3541 3517 5.3
360 3291 48.1
361 756 2653 6.8
362 535 789 3353 3088 1061 2107 775 2804 3736 1638 1074 2803 2848 1629 1130 2776 516 2968 1361 1152 111.4
363 3245 7.1
364 3782 14.8
365 688 2747 2801 24.5
366 3758 27.2
367 3477 126 8.6
368 3571 1976 196 3602 247 893 3845 2244 2711 967 106.3
369 1320 9.5
370 3014 2469 1925 34.1
371 2726 2.5
372 1146 2573 2834 1596 61.3
373 1192 3016 19.0
374 3535 8.9
375 2294 8.8
376 1151 1.1
377 465 2384 496 1737 1280 1497 78.3
378 70 1.3
379 64 443 3.8
380 816 2.1
381 1399 1025 26.2
382 2776 1.8
383 1856 1.5
384 3747 14.5
385 2998 3081 12.6
386 2223 19.7
387 2592 14.7
388 1687 214 3336 3532 19.4
389 3356 1.8
390 2604 34.9
391 260 2.7
392 1646 1.8
393 294 3849 6.7
394 2826 1543 2833 45.9
395 2535 455 15.9
396 129 306 8.8
397 2617 794 15.7
398 3340 4.3
399 1598 24.0
400 2435 7.3
401 334 6.6
402 3764 3597 669 3079 2125 1558 1506 3248 51.2
403 3315 2.5
404 1412 2.6
405 1194 3305 312 30.6
406 2180 7.2
407 619 2.6
408 2362 17.7
409 1286 756 10.3
410 1224 2301 4.2
411 3732 2.7
412 2180 3327 3457 36.3
413 180 1704 2352 410 2381 30.3
414 694 14.9
415 3444 3.3
416 313 1097 463 3774 41.5
417 1466 1.0
418 3517 7.5
419 3277 1506 1397 1875 2533 3992 2828 66.6
420 153 2223 2501 26.5
421 2732 3.2
422 1443 1.8
423 2322 4.1
424 310 25 3693 2361 3527 1832 2671 812 70.1
425 3177 8.9
426 2348 8.9
427 2560 403 3595 3525 1764 25.2
428 1219 15.1
429 3457 1.1
430 3530 3021 3512 36.4
431 174 2419 2654 39.2
432 1384 2300 29.2
433 3710 7.7
434 177 1559 3577 2138 71.9
435 2312 1.3
436 1980 3.2
437 2017 955 4.7
438 2620 1659 18.6
439 2765 9.4
440 2532 13.2
441 3030 5.6
442 1145 3292 840 13.7
443 1878 3875 3753 3152 45.5
444 1859 3.3
445 2268 9.5
446 392 6.7
447 945 1.1
448 1314 10.3
449 2414 20.8
450 32 3043 4.8
451 3672 8.6
452 3778 7.0
453 3246 551 1616 25.2
454 45 1.1
455 988 306 3724 3176 1036 44.6
456 3554 2307 18.7
457 142 2212 10.3
458 3679 2439 1896 2306 601 1651 1377 2527 61.4
459 1349 3107 2224 494 1117 63.9
460 102 1.5
461 1809 11.0
462 2480 4.9
463 3672 12.1
464 1518 3530 3963 10.3
465 2857 1699 12.8
466 383 2.0
467 543 2.0
468 2745 9.3
469 1901 725 6.9
470 4003 3751 1171 14.3
471 269 973 6.4
472 1364 23.6
473 3206 3826 47.1
474 3450 7.2
475 1708 2.4
476 1749 1.9
477 2965 2.3
478 2086 1210 2514 1185 2854 454 3803 89.6
479 513 19.4
480 78 3059 2198 20.2
481 3524 2729 34.7
482 3433 7.0
483 1375 23.3
484 2858 2758 2079 28.4
485 3133 1.8
486 464 1.9
487 2766 1636 119 3761 2811 2432 1 1111 3495 2090 1351 654 1276 113 2120 529 207 641 2122 855 2695 1648 2330 3956 3963 682 2746 162 2892 3758 3642 533 2272 2833 2205 1377 3764 248.9
488 1196 1.9
489 53 3.6
490 3814 1.9
491 2570 1370 1026 1846 623 2546 41.5
492 1509 7.4
493 3145 21.5
494 899 1.3
495 3050 4.0
496 3178 5.8
497 3068 8.5
498 266 6.8
499 3815 3.1
500 1114 2079 3.8
501 2093 3501 38.6
502 3259 20.9
503 537 10.2
504 1662 20.3
505 3220 2.8
506 2736 1.5
507 478 3435 2634 10.8
508 578 4.4
509 2883 2.4
510 3245 13.0
511 199 22.9
512 1235 10.3
513 2746 5.0
514 1769 10.1
515 2218 34.6
516 364 18.6
517 1464 2.1
518 569 2.9
519 712 2236 23.0
520 3055 2210 2145 17.2
521 4022 3782 718 468 2840 2874 2713 2894 3390 2361 1766 1076 888 2993 3669 1931 1200 406 2112 901 1317 2729 3922 701 1489 3085 1177 3739 1939 217.5
522 3414 1690 271 25.2
523 1635 3089 23.5
524 2121 34.6
525 555 3719 30.1
526 1735 19.8
527 1887 1.8
528 3493 5.1
529 3635 1.9
530 3153 1.5
531 3732 1.1
532 4022 1422 4.6
533 344 1.5
534 167 4.4
535 369 2.9
536 2005 16.0
537 3142 4.4
538 1203 5.0
539 3390 2.4
540 2040 2826 5.6
541 2277 2.7
542 702 1953 3046 1285 18.3
543 2148 14.1
544 938 4.9
545 2746 3925 5.2
546 2419 1999 19.9
547 2939 769 1089 1420 36.0
548 2830 1.2
549 527 3278 2572 2130 439 40.4
550 3880 2.5
551 1618 1.1
552 2291 1038 1641 1351 18.5
553 3269 2.5
554 1434 2.2
555 3053 17.4
556 3232 2812 1024 1184 3926 3878 106.5
557 2390 6.6
558 3586 3442 10.8
559 3230 1.0
560 1503 2.6
561 3285 154 2173 2033 398 2105 561 79 393 3888 683 1656 3649 1406 1106 658 3034 132.3
562 900 1937 3932 388 17.2
563 2737 1812 31.5
564 1428 2260 1744 31.9
565 1622 20.8
566 3134 1.0
567 389 9.5
568 1689 24.0
569 2145 1145 2981 73 24.7
570 2782 14.5
571 3121 1.4
572 2359 671 7.9
573 3032 4.2
574 3782 8.9
575 157 1.9
576 3930 3358 2120 32.9
577 198 3030 2739 14.1
578 3568 15.5
579 433 3346 2171 15.3
580 3389 1.5
581 289 3.3
582 2842 3935 2192 4.3
583 3415 5.2
584 3027 4.1
586 798 2.0
587 3523 1914 581 2416 11.0
588 3432 1.4
589 3863 2.4
590 2191 5.2
591 638 3372 4.3
592 1472 3763 25.2
593 153 1415 3222 1873 2421 1567 1046 1813 2492 1164 3740 1220 2128 972 388 2341 1349 1280 2067 1346 3909 2985 899 2609 732 171.3
594 3602 25.5
595 2473 1787 512 152 2377 1646 3675 1326 936 878 3368 1091 58.0
596 3408 1.0
597 884 3009 654 1049 2247 32.6
598 925 15.5
599 1919 7.6
600 606 2832 965 2677 42.5
601 3867 10.2
602 2475 3064 1669 31.5
603 3634 23.4
604 1272 288 952 319 1612 1865 207 31.1
605 342 8.3
606 2266 35.3
607 438 19.7
608 3147 1755 3.7
609 2197 4.7
610 15 1723 2554 2197 1520 3119 2364 923 2732 1198 1692 2245 3522 3724 753 1900 2948 2514 1596 378 2175 2084 1263 4024 272 153.7
611 724 9.0
612 2991 2119 3331 28.5
613 2933 3.2
614 1726 4.5
615 2525 2110 9.4
616 3548 1.2
617 887 3.3
618 331 2802 3916 163 2746 2513 1985 1 1367 1327 3681 3477 79.7
619 3336 1.5
620 709 8.5
621 3119 3485 160 38.1
622 656 1.0
623 2482 1806 3635 1391 66.9
624 959 15.4
625 2254 11.3
626 2766 7.1
627 3312 1285 5.5
628 2353 11.6
629 1117 21.3
630 1171 4.9
631 1225 4.4
632 731 6.0
633 2517 2801 878 10.7
634 1662 2060 22 1837 1442 36.2
635 1737 13.6
636 344 1.3
637 3577 14.3
638 2261 3.7
639 1630 1812 14.5
640 1516 3674 11.5
641 81 109 1070 88 1044 1012 1346 84.3
642 761 1.3
643 2749 14.1
644 1943 679 8.3
645 1991 1.9
646 1884 2493 1280 7.7
647 2396 947 27.1
648 3506 21.2
649 1038 1.7
650 618 156 6.4
651 2222 23.1
652 3029 8.1
653 3573 3.1
654 690 1.7
655 2136 7.9
656 3891 9.0
657 968 3811 737 636 3019 1306 124 940 1475 62.3
658 3526 3662 738 3766 1459 1258 3220 2369 72.7
659 492 603 630 36.9
660 953 12.3
661 269 612 3592 606 2651 2141 1082 660 31.5
662 3486 3367 1680 29.0
663 2842 1.0
664 3042 1.7
665 1832 2892 2410 3560 2017 709 319 2768 3429 1615 2876 2789 536 87.0
666 3922 3.1
667 1907 10.4
668 1506 11.8
669 2976 5.8
670 2029 3.3
671 1504 15.3
672 3961 3.1
673 311 1.5
674 473 4.0
675 2117 3417 36.9
676 375 2990 8.6
677 2882 1.5
678 1114 6.4
679 938 6.4
680 767 3672 34.0
681 1924 502 18.7
682 3971 556 20.5
683 432 1945 37.3
684 2245 3.2
685 1262 1.0
686 3061 3.4
687 1753 2034 12.8
688 3611 9.7
689 3793 19.5
690 503 2054 28.8
691 1734 10.9
692 1342 3665 2174 3232 1587 3931 3444 1989 260 74.1
693 593 1.1
694 3314 2087 1582 36.4
695 3736 5.7
696 1717 3.3
697 1303 3791 10.3
699 2000 2.3
700 3428 4.4
701 2727 1475 3127 37.8
702 995 3246 16.6
703 2779 2.8
704 2889 3.2
705 3229 2.2
706 1718 16.7
707 3205 3.5
708 2287 2.6
709 1789 1999 17.0
710 1909 1895 37.4
711 619 7.8
712 985 1.8
713 887 1333 29.2
714 3469 4.8
715 205 1745 5.9
716 1719 120 4.2
717 425 10.1
718 1797 1.7
719 2771 1459 1602 3098 31.1
720 1053 3950 3602 669 2204 2049 199 2831 59.4
721 2282 3191 1529 2278 38.7
722 3503 5.5
723 2562 17.9
724 2590 6.1
725 3391 13.0
726 2965 12.3
727 84 11.7
728 731 6.8
729 3974 1.0
730 3629 10.8
731 3957 7.5
732 1372 2820 149 62 701 1840 3908 1134 39.5
733 3012 4.1
734 3644 1706 4.9
735 823 12.0
736 3079 5 3557 1232 2610 2973 961 3507 97.6
737 3754 3.1
738 113 10.8
739 2314 6.6
740 1473 3389 12.9
741 1196 1.6
742 2122 2767 2647 42.2
743 3692 1677 1516 437 3883 3370 1194 83.8
744 2864 11.8
745 403 4.2
746 1606 376 32.7
747 2851 3744 3281 14.3
748 3070 14.4
749 1011 4.4
750 1243 22.0
751 3785 673 89 1585 3025 3050 529 2885 307 43.7
752 271 3343 27.1
753 1298 1906 16.4
754 1766 11.7
755 457 1.7
756 2351 3837 22.7
757 3638 3.2
758 2009 6.3
759 2042 2270 40.7
760 1473 9.7
761 3757 2880 10.8
763 2320 6.7
764 365 2080 367 1782 2206 621 58.7
765 1147 1.0
766 1795 4.0
767 369 3848 8.4
768 517 47.9
769 1057 1.6
770 1 4.2
771 494 16.7
772 1254 2.0
773 1324 7.9
774 1939 8.6
775 3400 12.4
776 389 1463 2898 3299 1834 3322 2309 1518 1949 1548 385 2063 3223 3829 1875 2023 3143 3196 2432 3294 2205 1509 1529 233 1817 138.3
777 413 2108 17.2
778 2793 28.3
779 1964 24.9
780 2560 2723 3723 23.0
781 264 2.4
782 3017 31.4
783 2880 6.3
784 902 15.6
785 2596 1.0
786 3499 2673 694 16.9
787 1108 5.7
788 2412 12.8
789 2796 24.9
790 3663 1920 3349 17.1
791 3663 377 2221 971 2297 988 3075 25.5
792 2089 1.6
793 3136 9.0
794 1471 39.9
795 2593 2910 16.9
796 1221 7.1
797 621 1.5
798 2679 37 3146 168 2191 60.9
799 1317 2615 2984 13 2987 2165 1042 903 3661 3883 53.4
800 3173 731 24.4
801 2441 2.4
802 1529 3573 6.4
803 292 10.2
804 3621 2860 3.9
805 2060 23.0
806 1275 15.5
807 1814 1.4
808 2296 19.7
809 3244 4.1
810 174 2.6
811 2101 10.7
812 1334 21.9
813 383 2428 15.0
814 1516 46.0
815 668 1.0
816 2799 4.1
817 3463 13.1
818 957 16.7
819 2455 2.5
820 3644 11.4
821 244 1.8
822 3295 3224 18.7
823 2325 9.3
824 436 6.5
825 312 8.1
826 1793 33 1984 2095 840 44.3
827 3553 846 8.2
828 2053 28.6
829 2147 2.1
830 3207 13.5
831 2674 2.6
832 349 1.4
833 1603 15.9
834 619 8.8
835 3203 3901 15.1
836 1457 1.6
837 3617 322 277 44.5
838 2840 9.7
839 1144 3629 2941 3206 34.8
840 518 20.3
841 606 1496 976 39 47.5
842 1535 2906 467 26.2
843 312 16.1
844 2639 125 5.9
845 675 2928 3932 3268 269 1511 1769 51.2
846 2368 1314 2535 3542 1345 804 914 2900 3296 944 918 2623 1964 845 3637 2023 1398 470 2652 1051 3888 1701 3225 1621 680 1876 2312 1001 181.9
847 2234 5.1
848 2627 6.0
849 2884 1.6
850 2092 1.7
851 2261 3719 1490 287 1882 369 3368 1182 2287 3656 1937 2907 1333 2317 3128 3275 357 119.0
852 1802 2.4
853 3633 3600 9.0
854 1728 11.3
855 1351 8.5
856 3842 5.7
857 1479 10.1
858 1505 406 2855 21.9
859 75 1.9
860 1002 2.0
861 1275 7.6
862 1855 1429 7.1
863 3237 1829 1715 1405 1432 2183 316 1157 3494 2972 3773 3572 2930 112.2
864 1589 13.6
865 978 9.7
866 3076 2276 3666 722 44.6
867 2497 7.3
868 2108 7.4
869 2064 1994 33.2
870 1054 45.6
871 1832 2093 11.2
872 308 2288 3715 3942 3186 2575 3464 563 2469 1427 78.6
873 1851 1328 8.0
874 1090 7.1
875 2480 19.1
876 3159 3177 29.9
877 3605 13.9
878 3316 1825 2585 3324 350 2645 3843 4028 849 3864 1885 3635 3471 734 1365 885 139.2
880 2686 4.7
881 3345 10.9
882 1553 22.0
883 3333 2.3
884 3564 4.3
885 3980 27.6
886 537 2917 13.0
887 1283 14.7
888 2803 4.4
889 1145 2926 1594 3292 770 3527 32.3
890 3850 1.9
891 434 15.6
892 692 1.0
893 1044 8.1
894 3755 3.3
895 930 8.4
896 3942 1.0
897 3240 15.8
898 619 12.9
899 1208 1.6
900 1667 61 1932 2626 2691 1259 587 3781 1555 1897 176 113.0
901 3129 3.3
902 2772 2.8
903 2751 9.3
904 1011 5.8
905 812 7 61 12.9
906 2412 12.6
907 3966 831 13.7
908 1540 4.6
909 734 3.4
910 3641 1.9
911 2207 3.6
912 3228 2.9
913 3530 3.1
914 1129 6.7
915 444 8.3
916 2805 12.4
917 3786 4.7
918 1737 34.5
919 1451 3783 1964 3297 3418 68.3
920 3339 1392 1991 2907 164 3424 3305 269 916 1005 207 71.3
921 534 1.8
922 159 6.7
923 900 1060 4.2
924 3153 1897 33.9
925 897 3625 3730 736 45.5
926 3145 910 5.5
927 3374 2.5
928 2142 763 2510 2068 1337 134 2422 422 2405 2720 974 554 1069 1074 187.7
929 1240 2.6
930 1472 8.6
931 1386 3317 922 2425 1823 2206 51.2
932 1932 2602 19.3
933 1111 3.7
934 48 14.8
935 2318 990 13.7
936 3804 1523 8.7
937 3610 3.4
938 1392 11.0
939 3963 3.5
940 2013 1.2
941 3237 4.3
942 1701 2727 3.8
943 728 3811 7.4
944 1616 4.2
945 3108 13.1
946 3102 5.1
947 262 2.1
948 1557 35.9
949 2362 3562 3.1
950 172 7.5
951 3674 3474 3512 580 2269 2954 315 723 40.7
952 1233 1903 348 387 78.4
953 295 2916 15.4
954 3803 3328 612 275 2023 935 361 3585 1595 2010 4008 3730 860 2702 214 2561 2911 99.0
955 189 2.5
956 3185 1600 34.8
957 2271 6.4
958 3219 39.9
959 1740 5.9
960 136 16.5
961 86 2.8
962 2670 4006 1274 7.1
963 173 6.1
964 305 2.6
965 4006 1.5
966 1845 6.3
967 3615 2.9
968 1339 17.9
969 4002 1417 5.6
970 436 22.9
971 1721 16.1
972 1246 10.0
973 3716 35 1985 258 1468 3082 2590 3917 986 2420 2632 2678 2432 339 1864 3263 168.8
974 621 1473 486 646 36.4
975 173 2.5
976 1868 9.2
977 3935 1.0
978 2269 1.0
979 1800 1863 3977 3293 70.2
980 78 3.2
981 2164 8.5
982 1814 2.8
983 1523 14.3
984 2601 2649 2737 1207 2989 2937 2529 741 462 255 3461 680 3344 3451 119.5
985 751 2413 3848 7.6
986 2071 5.2
987 2239 2.7
988 1602 3810 7.3
989 36 511 6.2
990 176 8.2
991 3267 24.8
992 2388 3744 3242 2780 3047 3170 3353 65.0
993 340 12.5
994 3957 1316 23 2725 365 1329 703 87 987 87.8
995 1240 909 545 750 2280 3711 2901 3789 853 74.6
996 286 1.3
997 2932 8.7
998 3164 1848 2861 17.1
999 768 72 6.3
1000 3605 15.4
1001 3036 6.0
1002 3813 5.2
1003 2351 2857 3828 1421 19.2
1004 2936 7.8
1005 2586 1291 1918 2283 2481 3993 54.2
1006 155 1.7
1007 3484 1.3
1008 1695 454 695 372 470 3810 37.3
1009 172 11.7
1010 1145 144 5.0
1011 3205 10.4
1012 2613 18.2
1013 2148 14.7
1014 1609 32.0
1015 1076 2709 31.9
1016 516 3.9
1017 3140 36.4
1018 759 1.5
1019 3363 9.6
1020 1782 2.9
1021 953 6.0
1022 164 724 3821 1470 50.3
1023 3115 12.2
1024 1010 3.3
1025 2466 2.4
1026 2541 1.0
1027 3614 3.3
1028 2768 688 213 40.0
1029 16 2758 3792 14.4
1030 2028 8.8
1031 543 6.4
1032 130 6.6
1033 3076 491 19.5
1034 3981 572 150 3156 524 1617 1969 38.9
1035 1933 1.9
1036 3627 805 25.0
1037 2154 1875 2482 3894 24.6
1038 2309 1138 24.5
1039 389 3048 10.6
1040 712 2241 18.0
1041 2860 924 6.3
1042 2232 8.6
1043 224 2.8
1044 2077 12.6
1045 1149 19.9
1046 2122 10.2
1047 1233 701 3954 15.5
1048 3397 14.1
1049 1185 10.4
1050 3266 3783 5.7
1051 1505 20.5
1052 291 5.5
1053 2716 1573 753 33.2
1054 175 4.1
1055 3540 12.0
1056 3599 29.0
1057 1599 6.5
1058 1038 2.4
1059 3842 3796 13.3
1060 2382 3387 3.9
1061 3020 240 2022 3120 56.0
1062 2637 3756 26.0
1063 1582 1571 2346 1763 16.5
1064 1888 2098 42.5
1065 3998 5.6
1066 1471 18.6
1067 2836 1635 13.3
1068 1201 6.2
1069 1325 4.4
1070 2771 5.5
1071 3500 7.9
1072 422 3908 16.3
1073 2584 1.5
1074 93 3.3
1075 2978 23.3
1076 3340 2.6
1077 1887 307 3.0
1078 1461 1.2
1079 3182 2196 1025 306 64.7
1080 2882 3797 11.0
1081 1926 15.0
1082 1657 1.8
1083 774 3.5
1084 1456 3648 20.2
1085 3880 3081 3585 1072 1379 19.9
1086 2299 4.1
1087 1866 1836 3298 30.9
1088 3728 7.6
1089 3094 1.0
1090 1642 9.2
1091 2964 24.4
1092 2245 2.7
1093 834 3.2
1094 3585 3192 3025 1746 3947 1316 680 110.2
1095 162 1.8
1096 2272 676 6.8
1097 3729 14.1
1098 647 3.4
1099 2933 1455 4.4
1100 4038 8.6
1101 697 15.0
1102 1532 4.5
1103 3039 2.8
1104 3709 1.0
1105 1564 3.8
1106 1388 2568 18.6
1107 2668 15.2
1108 3381 9.5
1109 1465 19.3
1110 2409 20.3
1111 2892 3.1
1112 3684 13.4
1114 2989 2158 4.9
1115 1299 20.0
1116 2426 3.2
1117 3829 7.6
1118 470 1204 25.6
1119 1716 3903 16.4
1120 1575 4.8
1121 3730 3210 3.6
1122 3537 1798 2984 20.1
1123 598 4.2
1124 3850 6.4
1125 1008 2939 219 1726 2656 45.2
1126 765 3200 2296 671 3823 3294 1986 2690 3233 230 1547 2691 154 2963 3872 3923 1665 1648 1053 2281 1299 2737 529 1382 42 163.9
1127 1595 7.2
1128 3161 897 10.5
1129 338 1.7
1130 3142 9.0
1131 285 2943 600 2088 2212 453 72.1
1132 861 2.2
1133 3980 27.4
1134 2685 1.6
1135 2542 9.3
1136 2442 1301 2.2
1137 3320 33.8
1138 2744 2.7
1139 3812 1169 4.4
1140 3095 187 733 154 3385 2935 570 3075 3655 83.4
1141 2380 1699 2325 514 33.9
1142 1110 15.7
1143 736 6.7
1144 486 3.0
1145 3192 16.0
1146 3488 12.2
1147 2084 23.6
1148 3742 1.8
1149 2894 19.6
1150 3955 2311 2.4
1151 2134 1571 3995 1041 1158 870 57.6
1152 1198 3664 5.2
1153 314 6.1
1154 1882 462 3522 28.9
1155 298 3558 12.7
1156 2196 18.3
1157 480 2.3
1158 3135 2.1
1159 120 3.1
1160 2982 4.6
1161 785 1.0
1162 1295 3707 3230 6.5
1164 3272 4.0
1165 4005 1850 21.0
1166 3496 4.0
1167 2860 3056 8.7
1168 325 2.2
1169 2979 11.6
1170 2720 7.9
1171 3282 1814 4.3
1172 1924 1.0
1173 3205 3.5
1174 1865 885 6.2
1175 3415 22.8
1176 2570 8.0
1177 382 3.4
1178 714 444 18.3
1179 3690 2755 15.0
1180 1412 2707 12.4
1181 464 1.5
1182 3605 1.8
1183 2463 7.5
1184 3149 15.7
1185 567 1399 101 2241 3898 95.7
1186 603 164 3843 3889 8.0
1187 1359 2037 3088 35.4
1188 1310 6.2
1189 2477 11.7
1190 1212 4.8
1191 2999 18.8
1192 1208 1.6
1193 3614 5.5
1194 2320 3.2
1195 804 4.0
1196 2987 7.2
1197 3338 1431 172 40.8
1198 2813 8.0
1199 1748 3889 1776 2191 808 3330 47.5
1200 2839 10.3
1201 1092 5.5
1202 850 2.6
1203 3918 8.6
1204 647 3.3
1205 1892 1.4
1206 2452 2.5
1207 3011 6.5
1208 3844 2.4
1209 2884 1.6
1210 2067 1.7
1211 179 2.1
1212 212 2899 377 16.4
1213 983 3.4
1214 1522 12.2
1215 2494 7.6
1216 613 3404 3.3
1217 3522 1753 1001 132 32.0
1218 499 1.0
1219 2569 1.0
1220 406 1.6
1221 2526 10.6
1222 2159 5.0
1223 2071 307 6.3
1224 3793 11.3
1225 2527 1.5
1226 36 6.2
1227 1454 9.3
1228 2808 1.3
1229 1255 736 3708 24.9
1230 2700 4.5
1231 1054 3.9
1232 3313 505 44.5
1233 2182 1.3
1234 812 1.1
1235 112 1326 2089 759 1418 3944 1627 1 3472 34.0
1236 2587 2386 14.8
1237 485 1495 6.2
1238 100 1436 8.6
1239 2030 10.5
1240 1476 1.2
1241 2938 1.8
1242 2291 4024 3822 822 2742 728 74.8
1243 275 3.7
1244 1084 3433 3502 1359 311 37.3
1245 2557 3443 12.2
1246 4031 2.7
1247 1021 8.8
1248 284 1621 378 49.9
1249 1807 1101 2375 1698 818 3134 43.9
1250 3061 1715 11.7
1251 1268 780 17.2
1252 3611 31.1
1253 921 2619 20.1
1254 2887 2623 2203 2968 2089 17 94 3570 1981 48 58.0
1255 2478 1930 1282 2282 1304 3492 1076 1211 92.7
1256 2881 2919 6.2
1257 3984 1.0
1258 1287 3.7
1259 2495 1797 10.2
1260 533 3141 1437 760 1871 43.2
1261 2773 4.4
1262 560 4.9
1263 147 2.1
1264 2231 42.2
1265 2329 2.2
1266 2005 2.9
1267 1631 1357 822 9.5
1268 3814 3.0
1269 3244 1.8
1270 1936 11.0
1271 1244 1.3
1272 1697 3.8
1273 1745 2642 1980 33.3
1274 2741 7.4
1275 1787 3.2
1276 3332 4.5
1277 2383 885 5.3
1278 436 18.7
1279 3126 2455 1404 1122 25.3
1280 1146 93.8
1281 3754 1.8
1282 3331 8.9
1283 2628 1221 278 883 21.5
1284 3746 1.8
1285 1971 1464 16.8
1286 1268 2620 704 2920 2484 40.9
1287 300 3977 2.7
1288 3438 9.8
1289 3723 3.2
1290 606 6.0
1291 3744 1.2
1292 2359 9.7
1293 412 34.0
1294 2925 36.4
1295 190 3.3
1296 1352 614 365 36.6
1297 2586 4.9
1298 398 1.5
1299 4005 192 5.2
1300 471 3.3
1301 2627 9.0
1302 2647 13.0
1303 2315 12.8
1304 3608 2.8
1305 2932 7.9
1306 3257 482 2143 191 3650 3881 2438 185 3006 48.4
1307 3057 2010 3209 19.2
1308 3075 6.3
1309 1424 2685 19.7
1310 3389 2224 31.8
1311 1418 1.9
1312 2325 15.7
1313 2953 4.8
1314 453 2.6
1315 3369 28.4
1316 3241 4.9
1317 490 1941 2793 1554 41.8
1318 2927 8.6
1319 3805 1.3
1320 1356 2.0
1321 124 2.9
1322 3947 3272 3659 2657 1145 434 2387 476 35.4
1323 3094 1.0
1324 3847 3.2
1325 2089 3897 8.1
1326 1745 6.0
1327 1368 3.2
1328 3137 2915 27.5
1329 708 10.9
1330 3728 6.9
1331 539 11.3
1332 1068 2.7
1333 3028 4.2
1334 2720 547 9.4
1335 265 2.7
1336 1644 4.5
1337 804 14.8
1338 1647 3657 2326 42.9
1339 3813 2.3
1340 1969 1.0
1341 3612 13.6
1342 1463 1.0
1343 3802 517 2380 1974 2621 3185 71 311 3051 13 82.9
1344 517 25.8
1345 1259 3600 34 2255 1836 1451 3870 22.1
1346 3789 2585 6.8
1347 2240 3312 25.7
1348 1311 5.4
1349 3829 309 28.4
1350 266 4.5
1351 42 1.3
1352 2347 27.5
1353 2074 8.7
1354 2735 2602 10.4
1355 2495 14.7
1356 71 1.4
1357 3744 1.4
1358 515 11.7
1359 3952 1.9
1360 3454 3645 9.8
1361 2701 3605 12.7
1362 3992 1.2
1363 1245 2.8
1364 3643 3154 2615 25.4
1365 2280 3791 11.3
1366 322 14.2
1367 1686 5.6
1368 2256 1.7
1369 1536 947 26.4
1370 300 16.1
1371 3260 3427 3684 2645 30.1
1372 2158 2548 23 580 30.0
1373 156 1040 3386 64.0
1374 1815 1.6
1375 73 3463 21.5
1376 1690 1.0
1377 2464 10.7
1378 1763 8.1
1379 3843 3723 525 1820 2602 50.2
1380 1297 146 8.5
1381 2664 15.6
1382 3092 1.1
1383 929 1.8
1384 3115 28.8
1385 1278 4.4
1386 287 2623 16.6
1387 2194 1525 1312 44.6
1388 2025 2.7
1389 3119 13.2
1390 3837 3.2
1391 2107 13.4
1392 3869 7.1
1393 1102 1194 6.7
1394 1469 13.4
1395 1819 27.4
1396 3116 24.6
1397 3890 3684 982 413 51.7
1398 164 1.0
1399 1250 18.1
1400 2226 2369 3180 2495 2859 1388 1337 1151 112.4
1401 952 2.9
1402 3566 7.6
1403 1581 19.4
1404 3125 498 2.7
1405 1084 3.0
1406 3666 1.0
1407 666 4016 24.7
1408 1068 10.3
1409 3519 3.4
1410 477 8.1
1411 2886 3.9
1412 3184 10.9
1413 714 5.1
1414 975 17.8
1415 1004 20.7
1416 1127 6.1
1417 2761 32.3
1418 191 1.0
1419 2420 1670 3223 1419 926 25.5
1420 1338 15.9
1421 1754 623 1129 139 32.9
1422 253 1.6
1423 3025 8.8
1424 3050 2135 3361 1621 3708 2615 343 470 58.3
1425 3825 19.2
1426 1267 3697 19.7
1427 719 22.1
1428 3482 1663 30.7
1429 3072 834 1989 1625 25.4
1430 447 3198 32.1
1431 2857 1.0
1432 3807 1.1
1433 644 2503 35.9
1434 2503 3997 864 90 2946 2373 22.0
1435 2225 21.8
1436 1087 3.4
1437 3072 3724 3026 43.8
1438 2242 9.9
1439 3920 2.5
1440 1647 7.6
1441 571 1.1
1442 3876 3.9
1443 2583 5.5
1444 1932 3003 6.3
1445 1401 1.3
1446 1313 817 1357 530 580 532 958 50.7
1447 2363 3484 3223 35.9
1448 916 2678 14.6
1449 3595 2.0
1450 294 2018 24.0
1451 741 157 789 2118 3716 25.5
1452 3613 5.3
1453 968 31.2
1454 3864 3.4
1455 1472 17.7
1456 1301 3076 8.1
1457 737 140 5.4
1458 1505 7.8
1459 1420 38.8
1460 2866 2555 851 23.9
1461 2987 3399 3.0
1462 1770 3355 4019 188 1343 1450 467 1681 348 125.4
1463 400 3.6
1464 754 13.8
1465 2802 2891 3.3
1466 245 52 2.4
1467 2935 8.3
1468 2585 9.7
1469 3154 16.0
1470 2876 3332 3144 2367 1146 44.7
1471 1325 1162 4.4
1472 334 8.9
1473 2713 9.0
1474 303 5.3
1475 662 6.0
1476 3081 2.2
1477 3841 3209 1880 20.6
1478 3976 2.5
1479 2803 1760 1061 1806 1598 3036 619 58.1
1480 3126 3.0
1481 2709 3199 26.6
1482 2584 3936 2819 3942 5.3
1483 2621 12.4
1484 1512 14.1
1485 1238 1016 12.1
1486 2746 1.5
1487 393 2.8
1488 1902 1438 25.6
1489 727 1120 3886 4006 3136 2251 2651 4022 2723 2279 1357 571 74.4
1490 2249 2707 9.8
1491 3350 13.3
1492 1902 18.5
1493 3618 3.4
1494 460 14.1
1495 2412 15.7
1496 3429 2.4
1497 2841 2530 1142 16.3
1498 2746 1.2
1499 3184 3.6
1500 964 760 1903 919 21.8
1501 3460 7.7
1502 1831 6.6
1503 796 71 590 161 1606 3676 22.4
1504 2303 4.6
1505 353 11.0
1506 2986 7.1
1507 14 84 3.7
1508 2960 12.9
1509 3621 1.9
1510 1470 1570 1283 48.6
1511 861 1.7
1512 181 2.3
1513 790 2595 2645 1873 503 927 1051 2161 106.7
1514 922 2.1
1515 895 1.8
1516 1652 8.9
1517 633 3429 41 1508 2179 1424 2446 54.0
1518 3216 1661 13.0
1519 38 2238 3579 339 2304 1851 2979 39.3
1520 692 1.0
1521 1915 2.0
1522 3707 8.9
1523 441 4.2
1524 3485 10.2
1525 2774 2.6
1526 132 1.8
1527 3531 3.6
1528 2331 3879 2705 3276 1353 1064 527 1949 402 3674 3056 3515 541 2071 1448 140.6
1529 3934 3736 3.8
1530 1038 2145 4.5
1531 538 8.6
1532 997 2.7
1533 2221 2.2
1534 774 1131 34.8
1535 30 15.6
1536 2612 6.1
1537 475 2682 3443 33.5
1538 1566 4.8
1539 3482 2.7
1540 3730 3511 2357 20.7
1541 1787 3296 12.7
1542 3237 3.1
1543 787 3.2
1544 1407 5.8
1545 3067 1678 5.9
1546 2160 3694 6.1
1547 2955 180 610 22.1
1548 2388 156 387 54.9
1549 1874 2.9
1550 1521 17.7
1551 3067 3.6
1552 1014 14.5
1553 911 1.0
1554 2020 6.1
1555 187 24.9
1556 2759 21.9
1557 1087 5.6
1558 3125 1.0
1559 520 17.4
1560 422 16.5
1561 2865 13.4
1562 1979 3030 3606 14.4
1563 3921 7.9
1564 250 3227 1656 11.1
1565 3902 3650 27.2
1566 472 11.0
1567 2593 1425 416 40 623 1694 3927 3637 2512 335 70.7
1568 2771 2.0
1569 3906 14.9
1570 1752 812 1034 832 491 1779 2098 2645 3276 1640 2584 789 2553 641 2884 2800 859 3971 1207 3612 163.1
1571 2681 3789 1271 25.2
1572 2126 2620 37.9
1573 3559 2.7
1574 2009 10.0
1575 1713 1846 29.7
1576 613 1.0
1577 3010 2511 3410 2429 571 327 2230 2795 2120 2174 376 2939 942 3624 3552 996 2496 3322 794 3372 3676 500 1928 2660 197.9
1578 3564 2.8
1579 3316 3541 677 808 2663 1831 377 1615 56.0
1580 2669 237 35.5
1581 427 1733 11.7
1582 33 1.4
1583 3720 2 565 2909 26.2
1584 804 6.6
1585 180 7.5
1586 2947 2988 7.6
1587 653 12.9
1588 837 3449 9.4
1589 3395 35.0
1590 3826 19.4
1591 733 3.4
1592 2209 4.2
1593 842 362 13.4
1594 3322 3.0
1595 1897 3.8
1596 366 22.6
1597 1862 1048 3971 2235 49.8
1598 2877 1542 16.9
1599 2438 2608 14.7
1600 7 3.6
1601 2932 2809 19.5
1602 427 9.8
1603 3895 1.3
1604 3228 2709 9.8
1605 3631 2.6
1606 3395 7.7
1607 236 2251 18 1114 753 2385 557 3413 1894 3121 1338 1008 449 3689 1607 2111 3035 1739 2351 3579 1522 2730 387 952 402 205.6
1608 330 7.3
1609 1112 3.8
1610 1934 4.6
1611 2246 22.1
1612 3551 2237 2790 3108 53.8
1613 1555 2042 39.4
1614 161 3547 8.6
1615 110 2.2
1616 1305 15.4
1617 3261 16.3
1618 1740 14.8
1619 3742 2.3
1620 119 8.1
1621 574 2.3
1622 644 3222 9.7
1623 3752 3829 1029 98 3921 1787 2840 573 1869 3805 388 633 491 4032 101 96.9
1624 2315 752 24.5
1625 453 2.5
1626 2862 17.2
1627 1973 6.5
1628 1978 2.3
1629 4021 499 2969 19.1
1630 659 1499 1272 3205 1465 3262 3111 1495 594 2777 553 3991 2001 502 266 1899 3969 3746 1053 3841 183.5
1631 2341 4.2
1632 3683 1786 428 63.0
1633 1725 52.8
1634 2846 8.3
1635 3163 1.8
1636 914 3.1
1637 2774 2.7
1638 3924 3980 1165 32.7
1639 2712 11.1
1640 3362 17.9
1641 1074 1577 28.9
1642 1536 14.4
1643 370 5.2
1644 925 1014 45.1
1645 929 3840 2537 1077 2319 1018 2929 2835 113 1703 134 3644 2569 105.2
1646 541 1.9
1647 2426 4.7
1648 3264 5.5
1649 2500 4.0
1650 3516 3.3
1651 1698 35.1
1652 649 2725 4.2
1653 3597 1730 11.0
1654 2502 14.7
1655 908 8.6
1656 41 8.2
1657 2774 168 3.8
1658 2420 9.8
1659 2430 12.2
1660 3955 3.2
1661 2500 6.1
1662 3416 1.6
1663 545 1987 1354 3202 1770 55.4
1664 2141 3534 521 497 48.0
1665 2338 9.8
1666 1483 3210 1429 1836 24.0
1667 341 2869 1895 2577 3062 3267 1607 577 1723 816 3486 3428 1369 526 1639 2822 766 29 1608 2428 971 1879 1938 3372 1767 2092 2076 2950 2192 1724 3179 1353 3800 2439 187 1985 2777 1343 224.1
1668 942 212 3523 14.2
1669 713 22.5
1670 3917 2.7
1671 3567 1.4
1672 110 2.2
1673 2214 2133 3811 1480 3839 3170 3838 1659 1563 680 98.8
1674 3752 3461 1110 7.2
1675 564 2207 6.5
1676 4009 6.6
1677 1062 3753 24.5
1678 1073 1582 6.9
1679 3873 6.1
1680 3471 13.6
1681 963 3.9
1682 2086 3.2
1683 1949 1.5
1684 2804 1.0
1685 1592 3818 3504 2386 3434 35.8
1686 1086 30.4
1687 3017 7.3
1688 1728 1.6
1689 1568 2208 6.4
1690 790 842 3229 1790 887 599 4 47.7
1691 2722 1.1
1692 1550 1213 9.6
1693 1544 1168 680 710 2581 15.2
1694 487 6.4
1695 99 2.0
1696 1946 3607 2850 43.6
1697 2141 2.3
1698 1448 47.2
1699 3091 2901 44.7
1700 65 778 3315 10.0
1701 111 2744 245 2300 1873 41.7
1702 3787 2107 8.0
1703 50 7.3
1704 3511 12.1
1705 2945 11.8
1706 284 3.4
1707 2065 1.7
1708 3109 1.4
1709 2881 1031 648 110 3913 5 23.9
1710 2866 7.4
1711 471 2207 6.8
1713 661 3.8
1714 1405 7.0
1715 680 17.1
1716 3895 34 5.3
1717 716 3942 13.2
1718 1572 36.4
1719 2629 29.1
1720 769 3428 3499 3947 2676 40.2
1721 405 16.4
1722 3911 1.6
1723 1291 1040 26.3
1724 3617 12.7
1725 1030 3.7
1726 343 2.6
1727 2878 1.7
1728 1851 1368 4.5
1729 1627 1483 2022 31 26.7
1730 2120 5.1
1731 416 9.2
1732 3727 1.5
1733 2515 3.7
1734 3906 3817 3511 17.5
1735 539 2763 7.6
1736 1736 13.7
1737 2199 3991 2402 21.0
1738 2791 49 5.2
1739 1097 5.3
1740 3564 2.9
1741 2316 618 3039 26.3
1742 1663 33.7
1743 465 2976 2283 1805 65.0
1744 3881 0 1384 411 3953 2091 135.1
1745 72 61 17.3
1746 3762 5.7
1747 3510 589 1039 18.2
1748 109 1.8
1749 524 2826 20.0
1750 1380 27.5
1751 2038 3549 21.4
1752 925 5.2
1753 2796 2.5
1754 2914 8.8
1755 3973 1.8
1756 3792 2.1
1757 1997 7 3775 2456 2796 2048 696 2173 929 1923 456 1509 2549 1339 2196 682 3361 602 1755 3732 3534 2250 212.1
1758 3216 360 17.2
1759 954 8.1
1760 3558 5.3
1761 1512 2654 32.9
1762 2299 6.2
1763 3581 2003 10.1
1764 1037 3360 1119 3849 1972 483 1582 2425 3309 3659 322 142.5
1765 3499 10.9
1766 997 398 9.1
1767 2015 2.0
1768 3291 12.8
1769 4006 1.2
1770 1296 3994 1480 2572 25.6
1771 3539 2.5
1772 3358 2.3
1773 3472 3.4
1774 1055 6.0
1775 3380 2.1
1776 824 15.6
1777 1948 1030 2791 3286 3606 2959 1693 3247 1143 53.1
1778 1979 20.6
1779 3320 15.1
1780 607 1598 19.7
1781 3727 2476 918 6.2
1782 3358 2.2
1783 1025 3838 2834 3989 3407 30.3
1784 867 118 3453 595 30.2
1785 765 1310 570 3186 18.6
1786 4005 1.4
1787 3137 5.4
1788 1884 651 46.5
1789 323 3012 3094 14.6
1790 3382 3.5
1791 1352 1757 2378 38.7
1792 1789 17.6
1793 2912 1633 1678 1003 3201 3701 1647 2342 2879 1263 2011 1158 1441 2739 3638 2024 1617 3772 891 3790 3502 868 3866 720 3710 3979 3572 2948 1853 1715 233.9
1794 1011 3.6
1795 1165 1258 22.5
1796 2738 35.2
1797 1841 2.9
1798 2182 1.0
1799 2069 13.9
1800 2079 1.0
1801 3260 6 2738 22.6
1802 2612 4031 2708 3636 698 2562 2341 65.3
1803 5 4.8
1805 797 546 30.9
1806 3224 24.8
1807 1232 3.3
1808 841 8.6
1809 3559 29.8
1810 3113 5.3
1811 67 12.3
1812 662 2.9
1813 1089 5.7
1814 2088 3.5
1815 314 9.0
1816 774 22.4
1817 1599 2.1
1818 499 1.5
1820 2042 23.6
1821 2494 595 2649 57 19.0
1822 2822 2.8
1823 3484 1.6
1824 1419 3474 12.8
1825 3532 1437 8.0
1826 2980 1272 3743 12.1
1827 3849 3.4
1828 1986 36.3
1829 3145 16.2
1830 1423 35.6
1831 1522 27.6
1832 87 1222 1272 480 3558 340 2274 72.3
1833 3689 1.0
1834 1346 476 339 9.6
1835 1101 575 45.9
1836 3868 2807 16.0
1837 3978 1.3
1838 1415 4.5
1839 1496 212 10.3
1840 3491 2531 13.7
1841 3240 7.4
1842 1169 3287 43.1
1843 3672 16.6
1844 2026 1295 1257 1408 2724 3183 52.0
1845 2547 7.7
1846 3627 1.3
1847 3212 4.2
1848 3191 3232 2101 531 42.3
1849 2135 4.0
1850 2562 3041 3356 46.2
1851 3006 1.0
1852 1591 17.2
1853 3654 2.0
1854 1595 13.8
1855 608 5.3
1856 1313 3256 16.6
1857 3293 3783 414 3205 982 95.0
1858 3810 8.3
1859 1279 8.2
1860 1577 45.1
1861 1860 3.1
1862 1190 6.2
1863 316 1.7
1864 2659 13.0
1865 806 6.7
1866 1707 3930 32 2810 1481 3828 3168 519 75.9
1867 2186 2.7
1868 1661 8.1
1869 1489 2077 3992 2308 2259 1890 704 3847 528 2195 2562 68 787 2692 469 3401 1338 3639 1139 2533 1856 1791 284 1937 2831 3114 129.1
1870 1078 1988 2481 3868 623 659 1754 2083 54.9
1871 3114 6.7
1872 577 3.4
1873 1962 3884 3710 33.1
1874 679 1.7
1875 2042 7.3
1876 1523 2391 230 24.0
1877 3987 3708 5.8
1878 512 1.7
1879 2423 19.3
1880 1094 24.0
1881 2088 2902 2911 35.8
1882 1192 13.1
1883 379 1.0
1884 3502 2.8
1885 2573 8.6
1886 698 25.4
1887 3299 2484 18.2
1888 148 855 1804 35.9
1889 3889 832 3936 1175 15.1
1890 2318 3538 1824 29.2
1891 2815 7.3
1892 1217 1999 30.1
1893 1066 3519 28.0
1894 686 40.2
1895 3434 3684 71.0
1896 3653 1406 7.2
1897 2689 3.4
1898 1627 1426 1418 10.8
1899 935 1.2
1900 1246 15.2
1901 102 1.7
1902 1161 1.4
1903 1913 329 20.4
1904 2882 3753 810 1575 330 326 24.0
1905 3887 11.0
1906 1080 1827 33.9
1907 1781 2.5
1908 3826 3.1
1909 1117 2026 2898 27.4
1910 195 1473 1506 1089 2187 2406 21.4
1911 846 242 3242 1724 167 1615 517 108.5
1912 2688 3833 13.5
1913 429 1.7
1914 599 5.2
1915 2712 431 1736 63.7
1916 522 2156 3757 766 28.6
1917 1196 1.5
1918 2305 2.3
1919 3963 12.1
1920 1845 10.5
1921 1457 2.5
1922 1481 3076 26.9
1923 1377 2123 17.3
1924 93 1584 1763 52.9
1925 2418 465 28.2
1926 57 1075 25.5
1927 2409 17.3
1928 1843 447 5.0
1929 1204 15.0
1930 875 1.0
1931 1066 15.1
1932 974 2.2
1933 1452 8.6
1934 1909 2338 18.2
1935 1776 2.3
1936 2621 2.0
1937 2384 12.3
1938 1770 3.4
1939 2061 8.4
1940 148 5.1
1941 2550 6.7
1942 1902 6.6
1943 843 6.4
1944 3048 4.0
1945 3244 3.2
1946 2574 6.3
1947 149 2359 1693 612 18.8
1948 2272 1.7
1949 2887 3706 3270 3176 1366 350 2648 66.5
1950 1104 2968 599 35.0
1951 964 18 5.6
1952 4030 8.9
1953 2001 4.0
1954 4024 4.0
1955 127 4.2
1956 2211 888 3377 3273 3964 843 52.5
1957 3057 18.3
1958 1748 2.6
1959 2440 2597 21.9
1960 3869 6.3
1961 3499 2.8
1962 65 2.0
1963 2791 2.6
1964 858 2.1
1965 3072 2542 3848 39.1
1966 1007 1.9
1967 414 42.4
1968 3229 2557 1911 1953 29.9
1969 2027 10.3
1970 3267 8.8
1971 1644 3580 2024 1214 35.4
1972 215 1.0
1973 3440 6.6
1974 3051 15.5
1975 2615 30.7
1976 770 5.6
1977 623 1595 2829 3490 2892 902 1745 644 1154 419 1778 1890 96.5
1978 3884 536 2963 2755 41.0
1979 1597 2502 2497 41.4
1980 2818 3.0
1981 2004 1.5
1982 512 1528 14.5
1983 2907 2.2
1984 3626 2.8
1985 1184 244 12.7
1986 2395 11.1
1987 2370 2877 12.8
1988 2935 3.3
1989 54 11.0
1990 3199 1355 936 2210 1390 1728 81 2762 3568 205 789 81.2
1991 1771 17.3
1992 3648 3660 10.2
1993 2463 20.8
1994 3059 1.3
1995 79 2.5
1996 3958 1473 21.5
1997 2743 2277 9.2
1998 660 2179 10.1
1999 1399 3314 12.4
