0 2818 1660 14.04
1 1837 647 12.814
2 3264 3521 961 381 3890 616 2380 3755 266 3753 2339 76.782
3 3347 16.132
4 593 2.365
5 2150 14.787
6 2837 1072 11.925
7 567 16.381
8 3606 3.467
9 1218 4.054
10 4021 322 978 1138 2502 1141 301 2836 2274 2752 2685 1983 1984 1879 1423 995 2226 3980 3687 1555 781 3726 2533 607 2077 1165 1785 1482 946 2124 115 1317 502 173 298.827
11 2088 2789 3147 791 28.453
12 4009 3378 2455 3052 3042 40.097
13 1736 3690 30.838
14 2270 3081 12.447
15 2890 16.626
16 1574 3091 18.698
17 838 6.935
18 1957 6.904
19 1810 16.776
20 484 3161 3977 2300 2380 406 46.206
21 3338 3463 2744 2051 281 26.534
22 83 3.374
23 2601 13.72
24 3017 16.762
25 774 10.727
26 215 4 564 966 539 34.971
27 1849 1190 23.24
28 1975 2669 628 342 1598 1562 60.561
29 3681 3.425
30 2269 1.154
31 717 1948 3923 1812 365 31.498
32 788 2941 1287 17.322
33 2452 2.966
34 845 7.195
35 2656 5.363
36 3187 11.853
37 2752 2.976
38 2293 8.053
39 3265 582 16.966
40 2809 5.349
41 3958 4.362
42 200 15.163
43 2933 4.26
44 1703 2785 27.223
45 1744 9.513
46 3599 2968 2310 3361 24.495
47 2392 7.072
48 200 3831 22.338
49 1319 1107 1216 2430 394 1590 64.249
50 2229 16.579
51 3116 22.002
52 3236 3652 2078 2561 694 630 2606 1386 2369 79.465
53 1302 15.838
54 1375 12.063
55 118 2485 2194 685 1801 3597 1753 4002 1693 1248 1217 1953 331 2644 344 105.342
56 732 5.41
57 3809 2276 17.788
58 1192 17.793
59 200 15.915
60 1312 10.725
61 1230 2227 20.115
62 573 2614 2552 2636 1741 46.895
63 855 2.524
64 3713 8.086
65 2050 4.966
66 514 2559 27.042
67 879 3.733
68 1966 1599 1107 1798 3546 2551 3201 1504 1976 101.312
69 3939 4021 2975 3163 3027 1867 2920 3406 3192 2731 251 2240 319 3747 112.16
70 1597 1837 2710 28.073
71 3111 480 16.716
72 3293 927 21.53
73 2215 3442 2539 2676 2430 730 1579 988 129 165 3920 2265 2851 1248 1370 114.533
74 1880 3708 979 16.667
75 620 3164 219 514 212 34.58
76 2449 5.761
77 2894 14.825
78 332 12.714
79 1598 18.327
80 620 6.783
81 1598 18.04
82 3755 494 9.713
83 474 6.507
84 272 14.069
85 2101 2856 16.401
86 349 2.149
87 3168 996 428 41.393
88 3990 3110 2028 20.962
89 3809 5.645
90 3824 13.685
91 566 3654 76 3121 290 31.672
92 3200 4.346
93 821 998 1985 814 3365 3224 150 465 80.714
94 517 22.659
95 2446 12.717
96 348 57.909
97 2827 13.177
98 1363 3264 2771 729 1521 693 3653 789 3083 3474 835 2804 3305 60.361
99 2918 6.666
100 276 5.692
101 2106 2.604
102 817 7.502
103 3702 2329 23.134
104 1158 13.178
105 2580 111 8.218
106 3995 4.966
107 341 4.032
108 2030 14.791
109 1407 7.299
110 156 4.997
111 1597 17.828
112 2629 15.603
113 1971 141 2616 37.956
114 2705 5.144
115 1171 8.093
116 3059 2336 20.361
117 2916 15.66
118 3796 1200 3038 25.74
119 2918 738 3218 3062 3712 3364 39.656
120 916 18.699
121 1731 784 2855 16.562
122 2346 6.021
123 1176 1.55
124 1440 2396 3068 3343 28.375
125 3966 12.366
126 1975 10.426
127 959 7.604
128 1676 728 3457 705 2355 1087 2088 3820 1467 3855 82.566
129 3386 1528 284 2418 326 526 1585 906 928 1915 74 2432 2712 1165 1515 124.332
130 3813 3.562
131 1207 1035 17.577
132 795 810 13.732
133 1609 13.412
134 3773 3246 136 32.084
135 3363 20.841
136 944 2531 2568 16.842
137 2621 2.785
138 3436 2.144
139 1079 1971 2438 42.787
140 1872 9.169
141 814 4037 1168 945 15.51
142 742 4.675
143 59 7.436
144 1037 9.377
145 579 2120 17.298
146 839 6.252
147 3221 8.543
148 2789 4.779
149 3579 5.467
150 3577 12.543
151 3193 571 3438 695 26.664
152 1882 13.094
153 1034 1.762
154 3087 14.847
155 3842 10.834
156 3423 4.78
157 3040 9.929
158 1868 17.495
159 3152 19.056
160 1876 14.543
161 3278 6.499
162 3491 3501 19.015
163 3879 1.384
164 3101 27.338
165 485 2.111
166 2624 14.446
167 1503 7.172
168 383 1.837
169 1370 14.994
170 781 13.213
171 2920 13.169
172 3649 4.916
173 3180 3.179
174 2473 8.93
175 1328 6.812
176 1551 22.472
177 2451 3088 558 23.635
178 1938 14.706
179 956 3656 3328 17.225
180 2097 6.113
181 2509 18.019
182 2739 9.422
183 986 2.977
184 1946 14.614
185 1426 11.579
186 2299 13.053
187 2552 9.838
188 2498 13.806
189 429 2295 1662 1101 2496 2633 3331 65.555
190 2624 17.313
191 3755 2.901
192 265 2785 2044 2901 2281 1381 3555 2240 598 1868 987 96.101
193 2756 1069 1733 3220 2168 32.396
194 2150 16.766
195 2401 4.944
196 2708 8.188
197 3153 3.249
198 2075 6.533
199 289 2.778
200 2138 17.838
201 1633 3658 1500 307 610 23.888
202 1655 1408 314 24.692
203 475 27.6
204 1091 3.966
205 1906 6.474
206 716 4.299
207 1154 2327 22.017
208 169 11.056
209 518 6.432
210 98 2796 3313 37.225
211 3878 4.403
212 127 6.725
213 293 2.413
214 3413 3662 2536 457 508 3292 3267 1446 1651 60.22
215 237 3.363
216 1612 3350 444 1875 1565 1053 3760 3188 3620 98.475
217 3918 10.93
218 369 6.859
219 3177 11.547
220 1139 6.692
221 1408 8.293
222 1466 1.155
223 4001 1135 13.54
224 499 1366 16.927
225 26 578 25.07
226 3279 3029 2090 150 36.769
227 1010 318 13.996
228 2543 28.634
229 1597 765 2684 1793 1307 53.242
230 3822 10.288
231 1228 1597 21.192
232 1623 3958 2173 27.222
233 2035 7.552
234 1171 7.094
235 3455 10.73
236 1116 5.006
237 1796 394 19.667
238 2471 16.648
239 1124 1946 33.023
240 11 1.333
241 3152 2906 34.13
242 1810 14.821
243 3193 5.969
244 150 4.89
245 3962 320 18.645
246 1858 8.613
247 1455 728 13.821
248 638 1.369
249 3439 995 707 21.154
250 2356 13.95
251 1954 11.899
252 996 2824 3092 7.494
253 3615 6.494
254 2666 11.546
255 699 2499 2075 19.318
256 3912 5.174
257 2475 2826 394 25.764
258 2862 11.669
259 2229 3130 4000 1140 3120 1078 69.899
260 2476 5.32
261 1183 3949 15.162
262 59 1613 28.264
263 3449 12.227
264 2683 346 3964 422 609 3791 3648 2406 463 1318 514 3270 3902 13 633 2391 3750 2755 153.631
265 2944 3819 1508 2112 1350 563 2251 996 3180 83.099
266 1382 8.296
267 4001 2.189
268 2436 11.68
269 2590 16.786
270 3404 5.477
271 2897 9.963
272 3257 1864 26.784
273 258 5.617
274 1082 11.061
275 2150 1803 25.349
276 1042 3958 8.973
277 2743 11.331
278 1648 6.261
279 400 535 32 2160 3710 2806 1835 2752 4015 917 1963 1404 734 118.19
280 3969 7.945
281 341 5.252
282 3075 1844 1135 808 599 42.461
283 2647 8.467
284 3404 314 3257 695 30.081
285 4029 2.235
286 4009 5.074
287 3866 2374 2745 565 3276 2897 319 1925 722 1516 763 3297 1085 3618 1806 137.067
288 3525 11.4
289 3812 3.631
290 498 1880 1368 3217 2558 1407 30.756
291 2463 14.796
292 3730 7.906
293 2904 1676 22.819
294 330 6.325
295 236 12.04
296 3782 1051 22.864
297 3689 2836 1913 16.703
298 3769 5.137
299 970 4.678
300 2397 9.198
301 3322 3.235
302 1218 4.527
303 3998 3679 2402 2735 3821 31.84
304 2221 6.459
305 1544 1815 2329 223 162 2528 1499 1060 729 54.659
306 1995 10.867
307 3457 539 9.172
308 1559 23.814
309 1845 13.653
310 3809 5.933
311 3016 8.109
312 3204 12.894
313 3238 8.552
314 1595 7.375
315 316 1.667
316 2210 9.096
317 2646 12.518
318 2257 13.28
319 795 5.995
320 322 20.843
321 2575 11.71
322 33 3665 4.938
323 3389 2.93
324 374 49 39 1527 205 28.666
325 2881 2702 2837 2303 244 28.069
326 2374 14.055
327 399 3.226
328 911 1287 3783 16.427
329 1284 12.1
330 1092 8.842
331 300 2.937
332 2892 7.155
333 2240 16.579
334 3882 2.591
335 177 4.875
336 1118 6.583
337 856 13.028
338 1456 2008 1509 2667 3547 1964 13 997 809 2063 656 1297 2607 1753 1520 1272 2937 164.483
339 2231 1149 2141 1150 35.01
340 665 1997 16.898
341 3308 1333 2519 14.526
342 1298 12.381
343 3074 2.909
344 2620 10.053
345 2346 1760 8.643
346 1178 5.625
347 386 649 5.312
348 1848 1001 3259 24.42
349 3547 5.486
350 2137 7.749
351 1407 3884 2257 414 1406 2697 3335 95.493
352 55 2494 3567 199 2387 247 38.86
353 3722 2347 2898 3251 43.833
354 3141 4.415
355 3347 19.346
356 21 1508 3676 29.235
357 1010 855 3234 3534 3266 30.648
358 949 6.526
359 3907 115 15.157
360 1686 9.751
361 943 3155 8.63
362 2214 7.295
363 2388 2.623
364 3398 3.074
365 1188 8.342
366 164 1.423
367 631 3814 9.079
368 1683 679 3696 27.444
369 2201 2130 19.038
370 3014 2275 25.689
371 2303 2843 1208 15.135
372 862 8.472
373 641 14.77
374 2292 2529 3693 295 1429 1860 51.351
375 357 3618 3858 592 888 682 2935 1358 1587 3987 111 3755 868 1243 1532 1961 3460 918 2285 1087 836 1795 3677 151.001
376 492 15.325
377 366 1148 31.231
378 2786 17.36
379 2710 4.032
380 3654 4.096
381 1325 6.188
382 107 192.91
383 47 1.608
384 2482 12.984
385 3148 9.438
386 3204 10.901
387 1365 7.484
388 2076 2586 3864 1133 541 32.564
389 2775 7.55
390 3504 3.95
391 3299 13.157
392 741 5.631
393 1323 14.579
394 17 5.269
395 3497 1980 15.615
396 679 2.817
397 3874 3899 1082 3409 652 462 3385 15 3647 773 61.322
398 2260 6.821
399 1576 11.605
400 1490 2.68
401 3224 11.185
402 1079 17.218
403 3132 3018 25.399
404 2870 2361 18.175
405 2947 3446 3703 3123 22.663
406 3545 20.217
407 3748 1.452
408 1787 9.675
409 2987 4.895
410 1910 2330 16.227
411 1701 3.415
412 1660 656 866 2434 26.165
413 2966 16.523
414 310 17 10.17
415 849 3290 1724 19.27
416 1729 15.777
417 2406 7.358
418 503 219 17.917
419 620 6.23
420 1413 2327 28.854
421 1819 119 1676 1587 260 54.298
422 128 10.049
423 3536 5.683
424 990 8.651
425 1711 2.415
426 3345 16.995
427 2576 5.91
428 2472 2288 1982 2807 26.018
429 992 5.788
430 3521 726 27.697
431 700 2.684
432 2340 3805 3653 45 1425 36.538
433 1386 1.0
434 3282 1.325
435 1665 18.368
436 381 2318 2359 1769 1763 3877 50.772
437 3613 5.33
438 2904 17.146
439 532 5.841
440 3000 16.681
441 398 9.085
442 1649 8.587
443 471 1113 2977 25.93
444 1363 4.993
445 3391 13.257
446 112 1.998
447 2071 17.144
448 479 10.312
449 2870 7.668
450 122 19.506
451 1857 596 2836 1699 130 1444 3519 1597 1331 2410 3499 964 2845 1887 2064 3424 2274 525 1684 589 2009 1734 3491 4015 602 1320 3595 396 221 1730 1344 1304 56 1802 2488 2068 2270 2998 3832 3877 2593 740 1276 477.792
452 1266 3.645
453 276 5.959
454 1781 7.207
455 1726 7.625
456 1765 9.897
457 741 5.428
458 1664 3.405
459 827 3982 19.526
460 4028 390 5.052
461 1009 10.379
462 1463 2.465
463 1686 2446 3588 3205 3175 2310 1406 3185 1054 2745 1461 2791 3331 3926 3676 3534 596 2916 905 921 1193 3444 366 34 697 200.607
464 2015 2.273
465 1408 9.186
466 2786 1431 3447 2126 1042 3817 74.975
467 2919 1681 18.656
468 3553 10.489
469 3590 1286 182 387 25.772
470 3818 5.554
471 319 3048 10.429
472 1157 3382 897 3342 2918 3565 1966 1054 2207 1500 3668 81.267
473 1782 11.063
474 2664 13.965
475 80 2789 1199 41.97
476 1738 6.107
477 158 8.942
478 3681 291 2295 2052 31.913
479 1599 4.19
480 115 8.254
481 641 15.378
482 863 4.594
483 2560 15.38
484 2812 8.402
485 1755 1.29
486 1629 5.467
487 592 12.509
488 814 3205 13.172
489 3014 1367 31.47
490 3129 3971 119 3272 54.344
491 2846 7.691
492 3003 2200 988 711 149 2970 2003 53.348
493 3991 21 1292 3443 2835 51 2919 3719 67.858
494 620 1214 22.61
495 1496 11.011
496 1592 1351 1086 40.709
497 2991 13.187
498 2832 8.405
499 3681 3.419
500 2544 5.325
501 3112 3.26
502 844 4.906
503 955 3289 9.459
504 3267 16.435
505 3772 3.0
506 3220 10.703
507 2982 4.847
508 395 17.791
509 2157 2278 22.855
510 2337 6.093
511 288 1.967
512 941 10.88
513 905 5.352
514 2403 5.26
515 4001 2122 3516 3360 1573 51.08
516 2140 13.255
517 433 4.612
518 503 14.423
519 3485 6.878
520 859 1.649
521 1302 16.201
522 1278 5.456
523 985 157 2303 9.284
524 2487 4.252
525 3917 5.672
526 2016 3207 3774 20.618
527 3103 1533 14.343
528 2442 1.075
529 1411 1537 2127 3394 1599 32.641
530 1489 4.335
531 2390 3898 2191 3050 29.039
532 3913 5.018
533 1342 3.825
534 702 1299 1180 3973 2588 1284 2648 536 2647 1751 3572 2994 938 3118 2316 1562 742 3961 280 2786 2299 413 2826 1862 175.449
535 2867 13.51
536 515 204 23.108
537 2976 9.396
538 451 6.506
539 1920 15.3
540 1031 1.501
541 2305 2.927
542 3246 3.996
543 2903 3830 33.39
544 2196 3697 2211 28.7
545 2130 3.746
546 1457 807 14.932
547 1195 8.688
548 1437 11.438
549 429 3.831
550 3112 3647 7.514
551 3468 879 2967 18.689
552 346 8.803
553 1032 13.758
554 1888 2589 313 3408 876 1770 3433 2140 521 1343 186 1309 3622 129.723
555 645 1559 2333 2884 456 1272 1727 1096 2443 2682 239 111.337
556 2088 16.577
557 3692 2286 3369 30.882
558 2227 3369 2170 790 21.128
559 2310 4.289
560 3357 4.931
561 2098 1935 17.834
562 916 23.698
563 3406 15.673
564 1056 10.144
565 1056 9.094
566 3643 8.258
567 535 3341 12.974
568 3341 9.361
569 1199 30.73
570 2848 7.455
571 3990 2802 6.943
572 56 100 26.096
573 947 17.911
574 2585 7.004
575 3831 8.638
576 3213 2057 14.292
577 3994 227 790 1671 1570 1627 1575 2390 2255 444 1290 3738 2998 3271 3186 2005 2358 1725 2846 2785 3428 3206 2884 2672 300 2895 158 1834 3674 2689 3539 1078 1201 3827 3300 2233 2227 1836 3842 3559 3100 2408 2804 333 2086 2909 1448 4026 2101 201 1475 2504 70 1251 3609 1887 3178 3189 174 2083 3926 204 3450 1732 1988 3133 1955 2112 1686 1070 685 3491 2987 138 3340 2923 737 991 2329 122 1644 3449 1532 106 2887 812 748 1271 1776 3774 3238 3258 1902 2062 3587 121 2916 1331 1151 3953 1932 1021 1157 899 468 196 1198 3667 605.914
578 3046 10.398
579 2539 3933 17.825
580 1966 14.163
581 1453 663 11.211
582 2639 6.665
583 1867 1563 3058 3102 1814 49.654
584 687 3288 18.682
585 1972 11.879
586 3639 3.852
587 788 1287 3374 1874 3896 1213 640 3334 1436 3134 1861 2295 1785 316 79.226
588 3383 5.379
589 2352 3668 2218 1340 3064 2833 2018 1377 1586 3587 662 109.005
590 1205 12.828
591 1170 2793 29.013
592 1682 7.368
593 3788 4.009
594 1085 3137 29.515
595 2417 10.526
596 3550 6.025
597 3331 10.723
598 3430 5.161
599 1908 3.059
600 108 2544 10.345
601 3515 519 11.362
602 2684 7.332
603 4012 2.133
604 2324 16.544
605 1639 12.157
606 3017 17.475
607 3889 1103 7.479
608 3382 5.122
609 3097 12.933
610 1480 13.5
611 637 8 28.777
612 2984 6.279
613 1609 1476 16.486
614 1470 1610 29.953
615 2526 18.042
616 2070 4.838
617 165 4.277
618 620 6.213
619 419 14.113
620 3009 648 3932 2840 20.176
621 491 4.899
622 3753 8.019
623 2992 16.235
624 3016 3761 813 2960 32.308
625 167 2271 1636 496 39.587
626 2268 729 24.73
627 4012 2.168
628 956 2428 19.984
629 112 2.302
630 1162 2451 20.887
631 1865 2.995
632 2090 16.864
633 3479 2684 13.366
634 3016 8.15
635 3993 2265 1837 1338 653 3484 3780 1266 3616 3522 2173 2544 2542 2976 2451 1557 3175 904 2676 2813 1333 1698 3502 1628 767 3488 3548 2386 928 3375 3652 3468 1745 1974 3505 3920 1423 1063 1465 3038 2604 1499 3853 827 3634 2254 160 3563 1851 2409 1536 3546 2940 1445 990 652 3819 3699 870 3534 2101 3696 2601 238 1613 2008 2609 2879 2057 1736 1047 3768 554 3654 1106 668 21 4029 689 3464 1767 3669 2230 363 1916 76 3101 1043 2244 3921 3875 687 3317 1157 712 2126 297 2874 696 725 1994 1716 3213 3923 3429 89 2021 1717 547 3386 1143 287 3802 373 2284 2584 1940 1749 693 1406 2013 2322 3000 3022 1693 991 1268 3188 1475 570 192 2707 3295 3396 3246 763.24
636 3788 4.534
637 1 6.389
638 2043 13.346
639 3272 10.249
640 707 4.559
641 1387 3.755
642 3619 2.64
643 1325 1473 102 23.298
644 1159 15.156
645 506 17.799
646 3547 1546 2015 9.536
647 181 4.746
648 3532 6.098
649 2018 1636 24.575
650 3459 5.554
651 3165 2.857
652 2385 8.843
653 1714 22.433
654 3538 6.143
655 882 555 13.014
656 3344 17.623
657 2605 3.331
658 1698 6.142
659 1305 17.492
660 3184 10.042
661 97 2.612
662 1617 1977 20.315
663 2676 3610 19.895
664 78 1780 3234 84 20.749
665 2000 2839 3258 1067 746 49 63 1111 1310 3900 2325 99.508
666 2644 7.18
667 3988 1855 446 2503 2766 3762 26.962
668 4008 1.309
669 158 9.634
670 7 7.62
671 2268 18.277
672 2068 17.749
673 3401 1681 9.17
674 3055 3478 2133 31.395
675 2362 6.018
676 2498 12.081
677 1382 8.691
678 711 6.582
679 3776 521 1241 2443 327 1407 3111 677 488 1815 3575 2784 1636 2854 93.332
680 2074 241 15.921
681 1066 10.965
682 1748 3.445
683 1985 20.184
684 2980 2.235
685 2019 3.829
686 3374 436 21.266
687 3909 7.82
688 1096 1.0
689 2414 780 24.609
690 813 4.097
691 190 3050 7.621
692 1802 2.819
693 1503 6.685
694 2957 4.92
695 2184 14.554
696 2407 7.804
697 1072 628 10.632
698 1996 3786 277 2687 323 2556 2043 3601 73.32
699 2948 5.261
700 3820 1.0
701 3652 2086 3533 3191 508 36.975
702 759 1318 188 26.59
703 2074 11.69
704 3556 5.17
705 3699 2.011
706 1854 1053 2376 127 1321 1300 37.208
707 1497 7.063
708 2063 11.819
709 1582 8.133
710 197 5.793
711 4002 4.637
712 1812 3844 10.592
713 409 8.195
714 333 3.876
715 225 5.174
716 2503 3717 1435 2354 285 2367 3371 30 3345 81.357
717 914 4.0
718 2061 7.397
719 887 3.262
720 834 12.228
721 1178 4.371
722 1666 9.771
723 4003 3158 13.386
724 2689 11.628
725 3311 3.896
726 3135 6.829
727 3082 26.128
728 102 3.465
729 1586 1788 2931 15.866
730 2672 920 13.06
731 1941 939 29.086
732 1721 3330 1742 48.658
733 483 46.668
734 1572 6.974
735 4029 2.227
736 3580 4.008
737 2915 3215 1363 2182 2026 1895 571 46.769
738 609 9.308
739 3926 11.983
740 749 1.834
741 2455 5.356
742 95 3.005
743 4026 3891 3154 3050 2535 2823 95 54.557
744 2866 1964 789 3609 1824 493 2467 1761 1789 940 3843 663 1747 630 2762 532 1308 1454 3157 3417 1268 3583 3898 3132 1578 1053 2738 557 1801 1371 199 2348 1196 39 2848 283.428
745 1876 2944 1314 2688 3927 19 55.915
746 1591 20.33
747 829 9.504
748 559 3189 3882 25.298
749 3874 5.133
750 2808 1.538
751 2417 1284 22.113
752 2230 2.286
753 1784 4.595
754 130 3053 9.782
755 462 5.859
756 2196 16.094
757 3043 5.627
758 930 13.459
759 2688 272 17.085
760 1649 2822 12.303
761 3323 2.752
762 577 5.264
763 265 10.231
764 3637 3.307
765 1929 11.954
766 1122 11.783
767 1781 6.809
768 561 15.693
769 3641 3.854
770 3161 2.999
771 3676 1890 6.06
772 8 4.21
773 3343 5.234
774 1736 2902 633 25.6
775 2190 2096 2607 3021 924 3631 2556 525 1112 1936 96.143
776 3150 20.512
777 1610 21.894
778 896 21.643
779 2930 1000 738 15.835
780 294 1565 2869 28.063
781 2556 10.156
782 3317 2.487
783 226 5.803
784 708 3870 1799 1680 51.075
785 2440 9.254
786 255 2161 2009 2258 25.069
787 3239 13.391
788 3921 9.627
789 2375 383 2764 3434 613 679 790 41.971
790 137 6.615
791 3839 811 6.781
792 3313 8.091
793 998 2.493
794 2835 9.201
795 3546 7.491
796 2364 3487 16.25
797 3680 14.724
798 609 2863 543 1823 2647 64.117
799 1370 13.851
800 445 7.186
801 1286 4.786
802 1858 7.201
803 1068 7.361
804 2200 1711 16.599
805 3300 5.228
806 400 1376 1549 368 172 627 1874 3022 345 3854 479 276 1450 1028 1244 1613 1915 3430 2087 586 3287 3111 2014 199.201
807 3269 3293 85 1204 37.396
808 3636 8.943
809 637 414 2383 69.508
810 1331 2004 27.229
811 3302 3948 1761 49.694
812 1379 9.563
813 2708 7.809
814 2318 8.127
815 2042 6 2763 2664 39.917
816 3370 2.88
817 2369 15.838
818 2221 7.688
819 254 2463 3710 374 1065 47.397
820 1848 372 12.764
821 3914 3.95
822 2569 1.188
823 2811 2299 2123 2778 2768 1656 3061 3415 1603 965 3930 319 115.353
824 1990 6.422
825 3560 2.234
826 1135 11.822
827 1426 10.988
828 3226 14.028
829 1078 1683 2291 3185 1934 3666 2228 3097 2766 90.247
830 3327 13.995
831 1060 10.272
832 180 7.379
833 2710 3.442
834 2720 12.788
835 839 1100 1017 717 41.077
836 62 8.093
837 1116 5.128
838 3977 3224 3064 1376 51.923
839 135 3.686
840 1710 3.898
841 2063 1552 2465 3826 31.666
842 2483 2297 1452 1419 22.558
843 1345 532 3701 788 30.786
844 83 4.165
845 368 8.187
846 2549 13.265
847 3213 7.916
848 1463 1298 16.934
849 720 2342 2684 20.705
850 1176 1.122
851 1008 3.281
852 3657 3.678
853 3569 9.043
854 560 8.065
855 1849 1512 22.924
856 3842 1238 3555 38.759
857 2233 20.087
858 1325 5.23
859 527 11.472
860 3211 7.751
861 1639 12.118
862 3059 2.634
863 3560 2.063
864 320 2357 1596 23.322
865 1098 3577 524 1915 1838 3832 1825 54.551
866 3264 10.405
867 3149 986 16.199
868 2715 9.537
869 1661 3156 19.723
870 2254 11.979
871 49 3.5
872 2320 433 2073 2828 2835 524 3237 2057 1323 1771 196 3950 96.858
873 1916 11.398
874 3937 5.615
875 1130 12.232
876 3669 3.067
877 1767 3485 3107 3057 2752 1728 1052 2511 2661 95.894
878 3854 1.963
879 1582 3394 15.94
880 238 7.489
881 2497 7.496
882 1819 13.374
883 670 6.043
884 2441 2210 10.563
885 290 5.971
886 3393 6.232
887 1724 9.725
888 2128 3231 19.874
889 3882 1010 2895 281 20.716
890 1532 6.893
891 2645 8.854
892 3404 4.581
893 37 1.207
894 3222 1945 1221 1116 2819 757 56.54
895 1845 13.532
896 1987 5.935
897 254 499 8.533
898 3343 4.994
899 2797 3157 11.778
900 2854 8.126
901 2783 8.71
902 482 9.956
903 1918 11.877
904 2682 1779 12.819
905 6 1612 27.535
906 2331 16.18
907 2391 7.27
908 267 2.095
909 2389 4.529
910 2204 2694 1264 21.58
911 634 521 8.32
912 2417 10.945
913 923 2856 9.81
914 3394 6.707
915 677 6.625
916 909 4.589
917 2774 7 10.128
918 2016 3.931
919 2698 12.061
920 2942 3.718
921 2741 10.72
922 3513 3.467
923 345 1240 9.476
924 2386 3390 2949 26.387
925 561 18.107
926 3242 4.386
927 1620 18.813
928 1058 1429 2465 1168 20.939
929 1846 1948 1383 3647 285 1814 1906 52.016
930 1194 2.429
931 2332 13.042
932 1761 2653 29.438
933 2331 15.239
934 3455 11.26
935 1625 6.162
936 2512 11.937
937 2641 4.831
938 1003 13.89
939 3574 4.326
940 481 1948 1246 2809 38.115
941 918 1017 1070 38.504
942 751 1993 21.252
943 4036 3963 5.517
944 3803 4016 9.408
945 104 1164 2877 2529 3649 1167 1666 3835 68.455
946 1004 16.635
947 2870 6.575
948 3308 3.043
949 3042 2443 2215 18.234
950 2241 1203 17.441
951 2703 4.601
952 3315 1947 529 21.143
953 3082 191 22.895
954 1730 2478 3617 48.828
955 110 2.953
956 3759 6.896
957 3360 16.836
958 1801 5.201
959 3221 8.193
960 2799 3.369
961 4004 5.47
962 2125 16.302
963 1551 22.178
964 3154 24.821
965 338 3336 24 3165 576 979 1499 3303 3321 2524 2755 3829 3847 2375 3061 1384 1526 2047 326 3818 1187 3406 918 3737 132 147 1285 1766 3764 1024 211.594
966 1147 1996 4.105
967 1591 17.587
968 915 692 2534 16.325
969 1032 14.24
970 488 7.932
971 3364 9.107
972 3823 5.229
973 1454 1545 485 927 3422 45.663
974 3997 6.153
975 273 4.111
976 1922 2905 58 1022 25.138
977 504 12.214
978 2620 8.88
979 522 4.063
980 18 1.356
981 254 82 1521 2033 1409 50.031
982 4 4.181
983 26 18.231
984 1615 6.796
985 3699 2.006
986 2434 13.269
987 1187 5.866
988 111 1057 3375 1504 3359 2386 2968 45.857
989 108 2236 13.808
990 3699 1.972
991 941 10.443
992 2430 1862 21.686
993 909 4.395
994 1116 2376 19.765
995 783 5.572
996 821 3.959
997 3429 2.163
998 2902 3211 12.127
999 3003 2.421
1000 466 3.227
1001 3328 6.762
1002 2414 14.766
1003 3209 7.199
1004 3275 26 1186 396 38.671
1005 2484 2077 1557 1843 453 43 51.894
1006 1894 13.135
1007 287 1.292
1008 3791 9.527
1009 937 2.987
1010 90 2233 18.965
1011 2097 6.2
1012 447 1.147
1013 931 4.754
1014 2096 3143 5.469
1015 3086 9.648
1016 2723 3.7
1017 3259 222 3491 19.526
1018 2743 10.051
1019 2109 216 12.643
1020 107 193.032
1021 846 2.798
1022 3468 9.617
1023 3362 13.805
1024 236 336 2820 17.707
1025 781 14.653
1026 3895 526 25.232
1027 3621 4.84
1028 2619 2442 3249 2112 3580 37 35.218
1029 2234 4.008
1030 2473 8.326
1031 2943 14.748
1032 2834 3.673
1033 3517 5.582
1034 3529 10.672
1035 2829 7.746
1036 2430 745 3292 1155 40.047
1037 2615 13.956
1038 3233 869 20.01
1039 90 1.853
1040 1405 11.349
1041 2707 1458 2742 34.617
1042 2106 2.642
1043 3528 11.316
1044 3043 3547 2157 17.481
1045 1044 5.648
1046 1668 14.733
1047 748 6.392
1048 3872 6.052
1049 1595 208 11.437
1050 708 9.311
1051 831 266 684 16.994
1052 1801 6.295
1053 2611 392 1969 108 35.293
1054 2320 981 13.386
1055 40 2574 25.525
1056 3979 4.876
1057 3664 5.059
1058 951 2581 1605 26.459
1059 3538 5.414
1060 2166 261 15.021
1061 3667 452 17.108
1062 151 3.139
1063 1368 3847 9.529
1064 1555 9.26
1065 341 4.468
1066 1009 11.827
1067 1997 11.87
1068 3972 6.063
1069 3160 2542 25.425
1070 3993 3.892
1071 2391 7.578
1072 3902 12.337
1073 3408 1.841
1074 1558 1.407
1075 1723 8.457
1076 1613 24.209
1077 519 7.634
1078 304 15.847
1079 3796 4.934
1080 1810 15.08
1081 1636 707 2532 2611 3183 46.194
1082 613 1033 3822 14.889
1083 2642 19.237
1084 3774 5.564
1085 552 2.453
1086 3477 3.196
1087 1997 2149 2240 3321 58.048
1088 2186 4.311
1089 717 2.318
1090 75 371 6.947
1091 355 11.081
1092 3527 2570 3664 416 2051 3490 461 1033 3980 1537 84.154
1093 3485 6.032
1094 2720 12.921
1095 1213 2965 12.347
1096 872 894 6.142
1097 176 2760 9.559
1098 543 7.255
1099 429 4.012
1100 3708 5.353
1101 3317 348 3913 3908 1493 74.14
1102 116 6.839
1103 3836 9.095
1104 3258 54 14.782
1105 1577 23.447
1106 234 1.963
1107 205 551 3234 2767 15.846
1108 2050 4.442
1109 547 9.196
1110 3567 4035 5.981
1111 3937 3977 567 984 1328 1534 50.382
1112 1480 14.422
1113 3754 3.214
1114 301 1764 7.441
1115 3166 2476 2114 3182 2938 3082 2042 1287 3214 2735 175 1294 108.475
1116 1244 4.881
1117 1998 532 1851 1831 2085 3169 3098 3071 296 3243 30 79.854
1118 3705 10.497
1119 841 1.66
1120 2044 2723 7.667
1121 2966 17.518
1122 2802 3.393
1123 2825 1520 24.109
1124 829 3823 16.885
1125 10 4.137
1126 2539 13.136
1127 69 3.589
1128 1335 16.707
1129 91 4.147
1130 2906 2487 19.01
1131 1753 2682 1249 21.934
1132 3962 11.618
1133 498 3.78
1134 3029 9.618
1135 1581 1.0
1136 410 4.799
1137 1314 5.425
1138 3399 3959 8.681
1139 823 14.068
1140 954 3877 25.372
1141 3558 12.137
1142 3125 993 630 1945 3133 54.551
1143 1045 4.117
1144 2086 3022 1947 1448 2419 63.006
1145 312 3859 3814 1590 3063 826 1581 681 452 1549 1727 2299 3151 1728 2950 84 3892 768 3448 2974 422 309 283 1031 3109 2376 3175 1781 2451 3146 1333 825 3162 2556 1284 607 261.32
1146 3333 2.44
1147 1620 20.032
1148 1918 12.223
1149 1411 4.137
1150 1777 2.09
1151 3438 7.874
1152 3258 11.425
1153 3146 15.467
1154 3073 422 3166 1073 2263 2903 3187 2695 646 1117 280 95 3757 3906 1120 3158 1783 1053 324 163 166.311
1155 3874 4.471
1156 1048 1821 20.223
1157 2821 4.26
1158 892 3773 6.302
1159 2485 9.807
1160 1205 14.499
1161 1350 2344 257 29.773
1162 2548 2671 478 1959 26.721
1163 3400 6.767
1164 1082 10.129
1165 3123 6.405
1166 2191 11.976
1167 3679 6.204
1168 1896 3.956
1169 3928 1.51
1170 428 2741 35.821
1171 3155 2214 3667 18.045
1172 1215 10.045
1173 3913 3407 3944 12.36
1174 2885 1039 1538 17.468
1175 1446 9.279
1176 3528 9.39
1177 1106 1094 2776 3632 2614 23.375
1178 3528 10.021
1179 2135 569 14.9
1180 3046 8.316
1181 3264 1625 15.073
1182 2812 6.515
1183 3914 3.587
1184 2516 13.61
1185 3634 731 14.357
1186 1704 6.173
1187 792 683 1376 1950 1743 50.687
1188 1854 1.585
1189 3087 2149 1092 896 2852 63.63
1190 949 6.936
1191 2354 16.118
1192 3767 682 3543 1318 3848 3547 1371 3570 40.774
1193 429 2589 508 1438 1894 3029 3890 2476 347 3216 2276 459 1186 79.803
1194 709 5.725
1195 1702 10.038
1196 1811 1565 18.136
1197 6 4.155
1198 436 13.863
1199 2981 1025 12.764
1200 1108 1403 3251 15.907
1201 2227 2.683
1202 2238 691 1129 3677 32.008
1203 1818 7.968
1204 1608 1167 605 1536 46.524
1205 2478 191 12.36
1206 1631 2.44
1207 834 914 15.66
1208 3953 2.451
1209 132 1705 13.342
1210 17 5.205
1211 3320 25.808
1212 322 20.222
1213 1066 15.136
1214 161 1314 15.451
1215 3583 4016 3032 14.529
1216 1332 9.427
1217 2249 3074 6.934
1218 1794 2366 3193 1245 3413 34.703
1219 969 7.282
1220 2092 5.023
1221 968 10.08
1222 932 10.884
1223 1354 2.741
1224 1991 8.323
1225 2159 7.919
1226 3156 5.534
1227 1004 16.165
1228 1642 165 13.96
1229 1375 9.269
1230 280 13.805
1231 1673 415 377 3562 848 1738 2315 53 2251 2968 63.647
1232 1000 5.719
1233 63 3784 7.03
1234 3461 3.762
1235 3213 8.031
1236 3842 772 18.202
1237 1241 696 2673 1526 839 3551 37.192
1238 1938 15.482
1239 1953 2584 12.492
1240 3127 423 1851 3754 164 3717 2523 2891 146 2671 2702 1097 3683 1624 833 295 942 3596 3166 107 3377 1836 3580 3621 3987 634 2361 330.258
1241 3289 912 1552 155 14.667
1242 3570 1.19
1243 730 5.226
1244 1028 10.895
1245 798 3.717
1246 3968 13.525
1247 245 763 7.844
1248 810 1540 3041 2621 3893 535 3709 2792 3734 3213 61.63
1249 561 417 30.156
1250 124 705 3569 28.801
1251 2699 3.774
1252 546 7.98
1253 943 781 3885 2735 26.072
1254 357 5.382
1255 1536 21.64
1256 3215 8.324
1257 1153 17.362
1258 2200 12.727
1259 3274 1888 1573 389 1053 946 2347 2708 126.194
1260 3084 2548 2818 2379 2472 40.454
1261 1335 17.413
1262 200 17.613
1263 3040 3260 3149 27.714
1264 400 18.232
1265 1176 1.356
1266 3048 4.529
1267 3641 4.33
1268 3552 2234 8.262
1269 3059 2.029
1270 389 3777 16.541
1271 1093 2.977
1272 2806 9.922
1273 2059 792 21.606
1274 1226 8.668
1275 2312 3.569
1276 3960 1335 3768 777 2855 2434 51.505
1277 502 4.146
1278 1056 10.22
1279 1612 23.399
1280 2178 902 1670 13.492
1281 380 4.118
1282 1752 2915 2157 42.434
1283 3449 10.152
1284 1022 1.945
1285 2108 104 1542 30.874
1286 1837 8.256
1287 1078 23.928
1288 2606 7.061
1289 1661 1096 15.632
1290 3037 1661 17.08
1291 1267 15.871
1292 3408 3863 5.968
1293 2954 4.9
1294 3174 4034 1910 1800 54.471
1295 63 2.826
1296 354 688 21.606
1297 1660 6.009
1298 2315 556 3020 33.362
1299 1784 4.682
1300 3035 1635 26.569
1301 693 4.1
1302 1525 15.424
1303 2676 14.132
1304 2748 17.918
1305 3362 13.493
1306 116 6.634
1307 2893 281 8.512
1308 470 4.955
1309 3322 2.897
1310 3606 3.372
1311 1271 3584 3140 46.387
1312 3572 3.856
1313 2402 4.781
1314 1354 2665 2235 733 3367 33.797
1315 2702 2105 2101 2126 33.527
1316 3541 4.146
1317 3293 10.56
1318 3871 2.836
1319 2905 2638 25.103
1320 2321 1778 2409 2405 3674 1613 3145 1144 921 862 2184 3739 2471 2890 1039 1993 3383 2826 177.052
1321 607 1.447
1322 2340 17.994
1323 1669 19.146
1324 1410 2616 598 3385 41.189
1325 1389 693 13.228
1326 155 2.786
1327 150 1828 15.506
1328 2636 5.746
1329 134 6.622
1330 2645 8.947
1331 1537 5.674
1332 2782 16.622
1333 507 15.844
1334 1213 7.644
1335 198 558 10.908
1336 1029 845 19.94
1337 2799 1565 14.681
1338 1793 18.767
1339 3918 31 19.442
1340 1521 306 2504 19.767
1341 3404 5.546
1342 4025 2712 2147 3795 1264 336 65 2210 1571 46.609
1343 230 5.327
1344 114 1.676
1345 1299 835 3046 2742 46.374
1346 3936 3.373
1347 382 3.478
1348 2244 16.257
1349 2021 1290 1679 2770 29.638
1350 2056 1905 961 3449 1252 3089 3047 54.563
1351 460 17.921
1352 1826 2382 3851 2076 1184 54.609
1353 685 4.866
1354 106 3.195
1355 3072 1409 3687 1261 210 1769 3261 1139 2917 2233 95.591
1356 3886 9.804
1357 3814 3503 900 14.55
1358 3460 935 1023 675 3093 24.405
1359 426 5.28
1360 2495 2513 17.403
1361 2846 7.86
1362 1197 4.012
1363 424 3332 19.372
1364 1657 1369 1390 2183 52.211
1365 1981 8.125
1366 41 10.083
1367 3663 1501 1765 21.424
1368 2117 22.029
1369 668 1.234
1370 3149 3325 16.333
1371 2414 14.47
1372 3433 496 2555 958 3892 85 2305 385 1112 1613 1380 1974 3694 101.806
1373 3846 1.609
1374 2275 1858 23.056
1375 2326 2596 1604 3826 1368 1644 59.62
1376 1138 5.547
1377 1706 118 849 3831 3896 3798 3058 127 57.538
1378 367 8.851
1379 3668 3816 2704 55 520 27.531
1380 98 13.794
1381 2594 13.408
1382 1853 3.903
1383 563 25.007
1384 639 3.533
1385 274 2649 3387 1008 1253 41.478
1386 707 4.594
1387 1003 2843 2359 138 38.24
1388 3607 2.98
1389 1663 1763 275 44.613
1390 3393 5.87
1391 762 1972 2507 1424 3052 801 45.604
1392 3408 1.48
1393 3841 2397 19.484
1394 1339 13.587
1395 2029 6.499
1396 131 4.233
1397 982 2657 86 1932 1132 2572 345 2391 64.954
1398 2982 375 872 653 3952 3206 3137 2315 3189 1731 1134 2142 714 2501 1059 3204 914 2582 139 3004 2248 2902 645 3733 179 889 3871 2767 2769 1906 3399 975 213 2277 2253 194 1491 1749 51 471 1213 270.861
1399 2579 9.671
1400 1522 19.956
1401 3302 1626 1795 2822 42.377
1402 3065 8.735
1403 2991 3527 595 3609 33.694
1404 3748 1.74
1405 3889 933 10.337
1406 842 2498 755 29.438
1407 871 3.598
1408 805 16.437
1409 4001 2.208
1410 2338 2557 3617 29.777
1411 3041 7.351
1412 1293 7.403
1413 2636 2475 3345 1541 41.637
1414 140 4.851
1415 2591 2099 2906 27.662
1416 2593 13.407
1417 3139 5.653
1418 1335 17.56
1419 3213 1559 30.457
1420 2495 13.38
1421 688 12.841
1422 610 2.177
1423 2664 2514 17.234
1424 610 606 22.465
1425 1587 301 2524 1435 2315 1688 1033 3273 62.263
1426 1870 6.31
1427 1813 23.295
1428 769 3087 19.792
1429 1489 5.45
1430 3285 8.041
1431 1715 1338 29.466
1432 944 3742 3137 22.917
1433 3662 7.104
1434 2704 3706 3398 12.563
1435 114 1.118
1436 988 8.768
1437 1193 4.458
1438 1787 7.73
1439 2766 3813 7.797
1440 448 2.039
1441 3872 1257 15.823
1442 3381 12.025
1443 3938 19.853
1444 3274 2383 21.109
1445 1437 9.109
1446 2393 4.384
1447 1315 8.627
1448 3094 1.967
1449 3890 2.491
1450 3058 3698 3442 2279 3703 2319 46 2396 1738 2645 915 246 98.751
1451 3355 1363 2777 31.466
1452 3714 8.484
1453 1685 14.135
1454 1694 9.348
1455 3038 20.884
1456 294 2.165
1457 2753 1469 3928 2330 38.216
1458 483 2860 47.93
1459 1377 26.753
1460 153 1.564
1461 2518 1850 323 27.642
1462 2004 7.801
1463 328 3.973
1464 3647 4.284
1465 126 1879 1275 39.383
1466 253 3693 11.82
1467 546 8.406
1468 3103 6.892
1469 860 1.407
1470 3848 2.906
1471 312 9.548
1472 3666 3.7
1473 937 1944 3876 2198 19.626
1474 1226 2538 1065 536 3281 3473 3842 1091 2261 60.34
1475 2120 7.517
1476 1098 8.334
1477 2333 20.609
1478 1412 6.607
1479 3180 1919 12.215
1480 2721 2.861
1481 1381 5.933
1482 2058 7.56
1483 2992 16.795
1484 1197 762 9.392
1485 234 1.941
1486 1742 13.585
1487 3312 6.901
1488 1671 2629 26.846
1489 1307 1695 2881 29.684
1490 2786 16.089
1491 2256 3036 10.165
1492 3943 2040 3596 41.76
1493 4028 2.17
1494 1385 543 2811 1633 21.14
1495 3953 388 11.06
1496 2157 6.621
1497 1767 9.332
1498 2496 3.777
1499 3990 2.892
1500 4009 5.346
1501 815 9.794
1502 2774 1716 14.847
1503 3186 6.95
1504 1532 5.332
1505 2457 1.138
1506 3565 2.018
1507 0 112.423
1508 511 1419 3256 3407 35.16
1509 2256 2131 17.61
1510 2623 2572 15.358
1511 2203 14.01
1512 1970 11.069
1513 3680 13.526
1514 1829 4.42
1515 3864 3.371
1516 3679 5.606
1517 1113 11.532
1518 422 15.922
1519 2974 10.57
1520 3182 890 19.13
1521 2350 3.544
1522 1952 4.022
1523 51 3.499
1524 875 1.386
1525 1986 12.838
1526 3029 2622 14.758
1527 2382 1.456
1528 3312 1455 1894 1817 2993 34.458
1529 3246 3.648
1530 2427 3.214
1531 2498 315 1834 1241 3297 1361 1045 73.479
1532 2587 469 12.095
1533 3793 14.85
1534 3370 929 143 3233 3055 1714 2446 3959 266 1412 1024 3226 3153 103.815
1535 2654 974 2983 23.39
1536 2176 16.636
1537 1774 3707 15.265
1538 2399 11.543
1539 1794 12.82
1540 3659 4.698
1541 1340 8.5
1542 2491 16.553
1543 839 6.125
1544 1761 18.138
1545 187 1741 19.484
1546 1941 23.743
1547 2297 7.988
1548 2577 2876 666 177 1451 3539 1958 3515 1607 1456 61.618
1549 3480 7.835
1550 637 24.519
1551 1186 3.925
1552 54 3.436
1553 3854 1862 10.83
1554 802 2.726
1555 2306 771 870 1339 1029 1364 697 3761 3545 3187 1260 2387 1769 2084 425 1042 1736 1162 2676 3238 2480 170 2569 2907 2028 3071 302 2129 3293 178 2292 1207 1818 362 3870 2959 2204 607 873 1495 3687 1163 3171 1426 3055 711 1358 361 719 2094 1158 405 1872 902 334 691 3283 226 3090 3095 2318 1011 2698 1428 3034 681 3247 3108 2452 1679 2660 2062 477.692
1556 1817 4.971
1557 769 1327 1563 1660 421 3566 3925 2844 2355 3735 1769 74.578
1558 1271 14.391
1559 1786 15.606
1560 3163 2997 3661 1233 1597 3656 3881 1842 3156 842 1709 435 3349 3148 361 780 3430 3186 445 3844 1680 89 736 156.06
1561 3954 2.679
1562 1340 9.955
1563 1520 1185 783 39.331
1564 198 5.073
1565 503 2988 26.566
1566 2734 9.086
1567 1974 2.654
1568 3676 2669 2070 22.826
1569 3539 5.196
1570 60 3.44
1571 2928 2559 26.733
1572 3732 1.492
1573 516 5.922
1574 2700 5.541
1575 2679 15.349
1576 1324 8.361
1577 1762 1.994
1578 405 2541 5.715
1579 3154 3643 29.901
1580 780 284 16.743
1581 2786 1502 31.968
1582 2552 10.881
1583 2730 21.806
1584 1725 14.94
1585 1482 12.389
1586 2491 720 22.442
1587 1877 744 1830 2018 579 1908 38.753
1588 3814 3430 10.897
1589 1297 1429 12.738
1590 3579 5.856
1591 408 1346 15.301
1592 1404 3557 2449 2742 1908 3173 2929 2362 1058 838 3547 2209 1725 2797 1574 3380 943 1806 2610 2245 895 158.186
1593 1780 6.811
1594 357 5.144
1595 795 6.48
1596 2922 373 24.223
1597 3102 11.054
1598 3745 117 3189 11.317
1599 2873 11.827
1600 706 2961 9.62
1601 3753 1363 12.257
1602 3928 931 6.892
1603 3449 11.077
1604 2702 7.315
1605 3846 2.18
1606 3413 2.207
1607 3967 2686 12.255
1608 1004 16.887
1609 1123 13.246
1610 3927 9.258
1611 965 4.528
1612 1983 16.819
1613 3626 1218 7.849
1614 1411 2.949
1615 932 3855 3303 24.211
1616 2301 4.181
1617 1540 13.782
1618 764 8.108
1619 3192 6.414
1620 530 2.086
1621 305 1.308
1622 480 258 498 690 2063 1049 204 684 53.304
1623 3212 610 12.274
1624 2281 3781 6.038
1625 2704 1.34
1626 3574 2091 1429 75 1077 2423 46.004
1627 1371 7.712
1628 3692 10.761
1629 3786 1916 1216 26.004
1630 124 3536 8.306
1631 2712 10.923
1632 3849 3.056
1633 3433 12.047
1634 3572 3.512
1635 1803 3424 11.33
1636 3593 14.123
1637 3491 785 2334 1205 703 1674 3747 60.682
1638 3732 1.711
1639 1668 17.811
1640 241 3246 7.251
1641 1417 2.237
1642 2626 6.438
1643 2110 6.588
1644 3131 3.28
1645 169 11.854
1646 1826 13.292
1647 607 1.378
1648 2588 3967 17.653
1649 1423 2251 2122 1941 2555 3647 1370 80.307
1650 3622 4.947
1651 341 4.351
1652 964 2882 9.742
1653 1654 369 11.162
1654 2991 465 2241 704 45.848
1655 467 2.837
1656 1580 508 2289 2805 3989 129 3786 3009 3673 3129 3127 72.226
1657 1180 870 11.506
1658 1219 187 1305 28.043
1659 3350 997 1003 2578 2831 3567 2973 81.212
1660 1237 1214 586 3265 2199 3007 73.02
1661 3674 12.259
1662 1448 9.851
1663 3033 15.779
1664 1096 1.0
1665 3687 9.489
1666 3996 3.384
1667 26 2063 32.309
1668 1961 1263 59 987 226 2018 31.053
1669 3940 1249 9.41
1670 653 1031 9.976
1671 2792 1.952
1672 3976 6.263
1673 467 2.991
1674 4014 620 1865 2686 2459 1694 40.265
1675 965 5.224
1676 145 1474 3543 3887 3648 2604 593 456 652 2765 1789 2848 3977 333 13 2866 3258 3094 123.506
1677 3414 4.027
1678 560 8.541
1679 312 1843 1219 2155 216 1620 3287 63.546
1680 2532 8.843
1681 3700 1836 7.438
1682 1468 6.006
1683 1009 2945 1449 32.633
1684 3896 7.037
1685 1719 1937 8.11
1686 3388 1202 2619 194 3332 40.908
1687 417 3907 475 2941 2808 1508 2089 64.082
1688 3091 3.427
1689 2594 3229 20.134
1690 2890 17.823
1691 2752 3.662
1692 3821 9.553
1693 3138 6.14
1694 2248 5.442
1695 1613 739 1488 45.87
1696 536 7.196
1697 2508 13.283
1698 1739 4.167
1699 1711 2422 4.662
1700 1502 15.763
1701 1644 10.478
1702 3434 22.058
1703 2107 10.404
1704 2683 14.285
1705 3286 2358 7.279
1706 3505 8.96
1707 3537 2.209
1708 1992 4.095
1709 1831 10.894
1710 111 5.834
1711 1682 6.699
1712 330 5.613
1713 3975 3554 3002 3955 2035 176 1628 3482 1708 3380 74.468
1714 1699 11.251
1715 3572 845 10.715
1716 2627 6.799
1717 503 13.532
1718 2953 7.141
1719 1848 7.332
1720 285 829 2710 1544 30.911
1721 2496 3.995
1722 2519 3331 2404 1002 1267 2081 2274 2269 3624 3800 3106 2325 1056 931 2053 1131 2694 2832 1141 2216 2324 2893 3037 4024 216 10 3449 2464 252 2681 3968 1473 1562 2645 1837 67 1105 1896 3513 3716 1282 227 991 3459 3436 331.516
1723 930 12.062
1724 1176 3775 3402 1739 39 2814 3281 1268 741 1264 2696 3537 2692 701 3520 206 2847 2819 3652 3712 79.818
1725 427 2499 975 2430 3671 37.078
1726 1140 3.455
1727 1545 12.276
1728 2353 2783 17.219
1729 2080 534 6.139
1730 3930 12.538
1731 3303 3616 12.936
1732 3578 3191 3257 24.489
1733 3403 3073 3156 2652 39.094
1734 3175 2.05
1735 1595 6.867
1736 2109 10.855
1737 1254 2.693
1738 2688 2153 3096 36.494
1739 2889 1111 35 2652 1284 2506 42.349
1740 838 6.97
1741 1957 7.584
1742 3377 8.453
1743 61 2.348
1744 3748 1.113
1745 699 2108 15.843
1746 883 1.396
1747 3689 1.959
1748 2565 2151 1999 20.283
1749 3426 19.926
1750 3050 5.688
1751 673 2.3
1752 1847 8.548
1753 193 3.185
1754 2105 859 5.755
1755 3815 5.263
1756 3435 9.442
1757 1910 8.827
1758 3592 5.408
1759 587 1315 710 1224 819 1703 3124 3450 59.374
1760 3057 5.981
1761 1617 15.507
1762 1112 1928 2146 1316 26.809
1763 1358 17.973
1764 488 7.036
1765 113 12.744
1766 123 6.439
1767 169 2020 24.812
1768 2701 6.285
1769 3788 5.432
1770 3377 8.95
1771 744 2685 5.637
1772 3176 1567 2182 21.477
1773 2506 11.398
1774 2215 8.937
1775 1693 3066 8.302
1776 2145 8.989
1777 248 2260 13.304
1778 3939 2.705
1779 3385 14.362
1780 638 1291 17.883
1781 2385 9.714
1782 3932 5.065
1783 736 5.787
1784 2638 13.021
1785 3438 1027 1769 15.061
1786 3679 5.167
1787 354 7.688
1788 857 6.295
1789 1900 4.412
1790 981 8.142
1791 2257 714 21.42
1792 1372 2.679
1793 2586 15.601
1794 553 19.434
1795 1831 13.471
1796 2603 10.231
1797 1944 980 3288 2898 38.499
1798 3542 8.869
1799 86 3.17
1800 3056 12.08
1801 3470 6.563
1802 1045 3.845
1803 2356 13.529
1804 3538 7.497
1805 2375 2.651
1806 1513 971 16.182
1807 3025 3058 14.745
1808 2985 12.018
1809 3205 925 30.153
1810 1693 2.568
1811 2252 543 7.897
1812 1017 570 3818 2554 3238 50.846
1813 3579 5.269
1814 3210 4.108
1815 915 8.773
1816 3593 14.449
1817 1318 10.107
1818 2178 2.135
1819 1419 6.434
1820 4024 1.345
1821 3619 3242 1598 3883 1464 3812 1618 45.391
1822 1337 10.878
1823 2820 5.71
1824 2300 3565 2962 19.277
1825 3336 3.047
1826 2654 12.624
1827 2003 3468 18.736
1828 2729 11.783
1829 1103 2.748
1830 702 3.404
1831 3186 6.105
1832 291 4018 16.263
1833 1352 31.485
1834 2084 13.358
1835 3271 3.064
1836 394 9.847
1837 1934 4.117
1838 2962 8.305
1839 1377 25.669
1840 1958 3510 13.352
1841 2341 7.943
1842 672 3.184
1843 3432 2686 10.278
1844 2327 1617 31.376
1845 3500 3980 2323 744 1341 1438 2947 514 3821 563 3696 2093 751 1454 917 2508 1607 279 321 1633 2469 3759 748 3962 1809 2650 3835 3029 619 3269 2434 1088 1962 1515 303.175
1846 1834 283 3842 3588 280 3938 51.778
1847 3924 11.462
1848 849 8.873
1849 1331 18.779
1850 2983 6.735
1851 2874 3529 1259 32.91
1852 3678 2.165
1853 2058 8.0
1854 2069 13.952
1855 2246 657 16.49
1856 1169 5.63
1857 1601 7.276
1858 2389 5.635
1859 3030 2.745
1860 740 2557 9.741
1861 3174 12.555
1862 2895 3.27
1863 2595 3531 2254 19.846
1864 1263 2.197
1865 19 7.264
1866 3577 14.927
1867 2127 14.288
1868 725 4010 1781 14.127
1869 842 3160 2601 308 41.79
1870 3615 6.247
1871 109 11.403
1872 3818 2883 3556 3157 20.26
1873 174 3444 3549 1914 4017 2529 2084 42.893
1874 2264 10.109
1875 3735 4.15
1876 3073 12.265
1877 254 5.949
1878 2567 2685 2349 3041 1319 2966 3433 61.456
1879 3076 3933 3754 30.651
1880 141 1004 23.109
1881 3142 153 3782 21.402
1882 962 790 2670 2755 27.73
1883 3791 7.288
1884 3877 15.356
1885 1637 322 36.977
1886 170 14.724
1887 3766 899 1159 1512 199 2149 2835 68.563
1888 2622 4.684
1889 1855 2755 2739 1521 28.898
1890 910 239 1562 23.13
1891 2026 11.589
1892 10 3.7
1893 1338 38 20.159
1894 3321 3412 27.617
1895 2133 23.315
1896 1271 15.772
1897 1378 7.001
1898 1287 962 18.69
1899 3683 4.528
1900 3663 4.394
1901 3940 2677 9.736
1902 2464 17.756
1903 3714 8.477
1904 165 4.004
1905 1799 20.561
1906 3075 6.843
1907 2448 9.244
1908 1011 8.028
1909 575 4.408
1910 3445 3.01
1911 1532 3875 6.725
1912 1065 2.044
1913 3293 10.065
1914 3458 7.316
1915 3827 3448 152 208 48 2630 1177 1698 55.998
1916 59 6.686
1917 263 3.177
1918 1144 6.285
1919 3210 4.582
1920 3581 2121 17.561
1921 3681 1029 17.832
1922 1775 2270 5.672
1923 1308 496 1777 3157 1374 1224 34.408
1924 1624 8.835
1925 1390 23.715
1926 1939 746 14.62
1927 3631 4.508
1928 3860 9.988
1929 771 5.907
1930 1110 13.176
1931 835 6.511
1932 1731 2.842
1933 3617 10.457
1934 3662 3197 10.194
1935 575 3318 1391 32.344
1936 3462 6.617
1937 3690 4000 15.427
1938 2887 2386 21.18
1939 2361 2402 1317 4014 2851 3387 3106 1018 1984 1264 682 1646 1835 122.689
1940 2816 4.604
1941 355 10.496
1942 2401 4.558
1943 1048 187 21.363
1944 102 2051 1626 15.299
1945 2794 984 1027 14.222
1946 2187 19.998
1947 2204 1871 19.74
1948 149 5.18
1949 1266 4.16
1950 3340 4.985
1951 1128 14.584
1952 2281 3.759
1953 999 10.403
1954 302 2682 1083 584 34.161
1955 2894 1875 19.668
1956 3019 18.859
1957 2906 15.325
1958 929 2.603
1959 106 2239 3382 15.867
1960 1989 2820 1516 35.963
1961 3000 15.474
1962 2559 12.468
1963 2406 7.267
1964 3078 14.624
1965 3256 3243 2696 30.032
1966 2588 1845 27.608
1967 1832 7.218
1968 2437 3.39
1969 942 11.699
1970 952 1433 20.18
1971 1884 6.366
1972 3578 2836 4009 1074 1068 1649 1849 61.518
1973 1254 3.651
1974 2840 962 1385 2618 3578 652 160 1198 50.402
1975 360 12.261
1976 2973 724 1664 2783 1970 54.744
1977 737 5.21
1978 2546 11.746
1979 2002 11.289
1980 576 4.399
1981 527 11.159
1982 1909 3341 20.2
1983 3043 3301 13.294
1984 361 3558 2125 3749 1282 1218 724 3723 1666 494 458 2005 105.922
1985 1448 3201 29.189
1986 2004 8.983
1987 2941 3.736
1988 1210 10.313
1989 1796 2734 43 20.846
1990 1525 1504 390 1701 30.796
1991 1589 2441 3780 1229 42.683
1992 3040 8.343
1993 3110 5.358
1994 3582 1.789
1995 2582 15.226
1996 929 2.567
1997 3759 5.943
1998 2597 13.943
1999 2463 908 25.675
